0 0 0.1 87 0.834 0 0 0 0 0 6 2 0 11 -20 0 0.7 2 4 0
0 0 0.1 75 1.191 0 0 0 0 0 6 2 0 11 -20 0 0.7 2 4 0
0 0 0.1 102 0.806 0 0 0 0 0 6 2 0 11 -20 0 0.7 2 4 0
0 0 0.1 81 1.016 0 0 0 0 0 6 2 0 11 -20 0 0.7 2 4 0
0 0 0.1 78 1.187 0 0 0 0 0 6 2 0 11 -20 0 0.7 2 4 0
0 0 0.1 90 0.841 0 0 0 0 0 6 2 0 11 -20 0 0.7 2 4 0
0 0 0.1 102 0.903 0 0 0 0 0 6 2 0 11 -20 0 0.7 2 4 0
0 0 0.1 96 1.159 0 0 0 0 0 5 0 2 11 -20 0 0.7 3 4 0
0 0 0.1 81 0.956 0 0 0 0 0 6 2 0 11 -20 0 0.7 2 4 0
0 0 0.1 87 1.118 0 0 0 0 0 6 2 0 11 -20 0 0.7 2 4 0
0 0 0.1 93 0.94 0 0 0 0 0 6 2 0 11 -20 0 0.7 2 4 0
0 0 0.1 84 0.856 0 0 0 0 0 6 2 0 11 -20 0 0.7 2 4 0
0 0 0.1 105 1.061 0 0 0 0 0 6 2 0 11 -20 0 0.7 2 4 0
0 0 0.1 75 1.018 0 0 0 0 0 6 2 0 11 -20 0 0.7 2 4 0
0 0 0.1 99 1.179 0 0 0 0 0 5 0 2 11 -20 0 0.7 3 4 0
0 0 0.1 75 1.029 0 0 0 0 0 6 2 0 11 -20 0 0.7 2 4 0
0 0 0.1 87 1.182 0 0 0 0 0 6 2 0 11 -20 0 0.7 2 4 0
0 0 0.1 90 1.113 0 0 0 0 0 6 2 0 11 -20 0 0.7 2 4 0
0 0 0.1 105 0.848 0 0 0 0 0 6 2 0 11 -20 0 0.7 2 4 0
0 0 0.1 78 1.135 0 0 0 0 0 6 2 0 11 -20 0 0.7 2 4 0
0 0 0.1 96 0.835 0 0 0 0 0 6 2 0 11 -20 0 0.7 2 4 0
0 0 0.1 102 1.1 0 0 0 0 0 5 0 2 11 -20 0 0.7 3 4 0
0 0 0.1 105 0.928 0 0 0 0 0 7 2 0 0 0 0 1 2 6 0
0 0 0.1 78 0.834 0 0 0 0 0 7 2 0 0 0 0 1 2 6 0
0 0 0.1 96 1.127 0 0 0 0 0 7 2 0 0 0 0 1 2 6 0
0 0 0.1 81 1.16 0 0 0 0 0 7 2 0 0 0 0 1 2 6 0
0 0 0.1 93 1.187 0 0 0 0 0 7 2 0 0 0 0 1 2 6 0
0 0 0.1 87 1.03 0 0 0 0 0 7 2 0 0 0 0 1 2 6 0
0 0 0.1 99 1.089 0 0 0 0 0 7 2 0 0 0 0 1 2 6 0
0 0 0.1 84 1.11 0 0 0 0 0 7 2 0 0 0 0 1 2 6 0
0 0 0.1 84 1.052 0 0 0 0 0 7 2 0 0 0 0 1 2 6 0
0 0 0.1 90 1.09 0 0 0 0 0 7 2 0 0 0 0 1 2 6 0
0 0 0.1 99 0.955 0 0 0 0 0 7 2 0 0 0 0 1 2 6 0
0 0 0.1 81 0.866 0 0 0 0 0 7 2 0 0 0 0 1 2 6 0
0 0 0.1 102 0.875 0 0 0 0 0 7 2 0 0 0 0 1 2 6 0
0 0 0.1 84 0.957 0 0 0 0 0 7 2 0 0 0 0 1 2 6 0
0 0 0.1 81 0.91 0 0 0 0 0 7 2 0 0 0 0 1 2 6 0
0 0 0.1 87 0.877 0 0 0 0 0 6 2 0 0 0 0 1 2 6 0
0 0 0.1 99 1.002 0 0 0 0 0 6 2 0 0 0 0 1 2 6 0
0 0 0.1 93 1.106 0 0 0 0 0 6 2 0 0 0 0 1 2 6 0
0 0 0.1 93 1.078 0 0 0 0 0 6 2 0 0 0 0 1 2 6 0
0 0 0.1 96 1.018 0 0 0 0 0 6 2 0 0 0 0 1 2 6 0
0 0 0.1 102 1.064 0 0 0 0 0 6 2 0 0 0 0 1 2 6 0
0 0 0.1 87 0.988 0 0 0 0 0 6 2 0 0 0 0 1 2 6 0
0 0 0.1 90 0.993 0 0 0 0 0 6 2 0 0 0 0 1 2 6 0
0 0 0.1 90 0.935 0 0 0 0 0 6 2 0 0 0 0 1 2 6 0
0 0 0.1 96 0.97 0 0 0 0 0 6 2 0 0 0 0 1 2 6 0
