0 0 0.1 105 1.169 0 0 0 0 0 7 2 0 0 0 0 1 2 6 0
0 0 0.1 87 0.892 0 0 0 0 0 7 2 0 0 0 0 1 2 6 0
0 0 0.1 102 1.172 0 0 0 0 0 7 2 0 0 0 0 1 2 6 0
0 0 0.1 93 1.172 0 0 0 0 0 7 2 0 0 0 0 1 2 6 0
0 0 0.1 75 1.009 0 0 0 0 0 7 2 0 0 0 0 1 2 6 0
0 0 0.1 78 1.197 0 0 0 0 0 7 2 0 0 0 0 1 2 6 0
0 0 0.1 81 0.826 0 0 0 0 0 7 2 0 0 0 0 1 2 6 0
0 0 0.1 81 1.146 0 0 0 0 0 7 2 0 0 0 0 1 2 6 0
0 0 0.1 93 0.993 0 0 0 0 0 7 2 0 0 0 0 1 2 6 0
0 0 0.1 87 1.015 0 0 0 0 0 7 2 0 0 0 0 1 2 6 0
0 0 0.1 84 0.967 0 0 0 0 0 7 2 0 0 0 0 1 2 6 0
0 0 0.1 81 0.892 0 0 0 0 0 7 2 0 0 0 0 1 2 6 0
0 0 0.1 90 1.193 0 0 0 0 0 7 2 0 0 0 0 1 2 6 0
0 0 0.1 84 1.063 0 0 0 0 0 7 2 0 0 0 0 1 2 6 0
0 0 0.1 78 1.033 0 0 0 0 0 7 2 0 0 0 0 1 2 6 0
0 0 0.1 81 0.857 0 0 0 0 0 7 2 0 0 0 0 1 2 6 0
0 0 0.1 99 1.08 0 0 0 0 0 7 2 0 0 0 0 1 2 6 0
0 0 0.1 105 1.1 0 0 0 0 0 7 2 0 0 0 0 1 2 6 0
0 0 0.1 102 1.182 0 0 0 0 0 7 2 0 0 0 0 1 2 6 0
0 0 0.1 90 0.853 0 0 0 0 0 7 2 0 0 0 0 1 2 6 0
0 0 0.1 87 1.06 0 0 0 0 0 7 2 0 0 0 0 1 2 6 0
0 0 0.1 84 1.084 0 0 0 0 0 7 2 0 0 0 0 1 2 6 0
0 0 0.1 75 0.84 0 0 0 0 0 7 2 0 0 0 0 1 2 6 0
0 0 0.1 84 0.828 0 0 0 0 0 7 2 0 0 0 0 1 2 6 0
0 0 0.1 99 0.913 0 0 0 0 0 7 2 0 0 0 0 1 2 6 0
0 0 0.1 96 1.095 0 0 0 0 0 7 2 0 0 0 0 1 2 6 0
0 0 0.1 99 1.185 0 0 0 0 0 7 2 0 0 0 0 1 2 6 0
0 0 0.1 87 1.126 0 0 0 0 0 7 2 0 0 0 0 1 2 6 0
0 0 0.1 81 0.967 0 0 0 0 0 7 2 0 0 0 0 1 2 6 0
0 0 0.1 96 0.982 0 0 0 0 0 7 2 0 0 0 0 1 2 6 0
0 0 0.1 93 0.945 0 0 0 0 0 6 2 0 0 0 0 1 2 6 0
0 0 0.1 81 0.818 0 0 0 0 0 6 2 0 0 0 0 1 2 6 0
0 0 0.1 84 1.089 0 0 0 0 0 6 2 0 0 0 0 1 2 6 0
0 0 0.1 87 1.152 0 0 0 0 0 6 2 0 0 0 0 1 2 6 0
0 0 0.1 87 1.138 0 0 0 0 0 6 2 0 0 0 0 1 2 6 0
0 0 0.1 90 0.823 0 0 0 0 7 6 2 0 0 0 0 1 2 6 0
0 0 0.1 93 0.997 0 0 0 0 7 6 2 0 0 0 0 1 2 6 0
0 0 0.1 87 1.072 0 0 0 0 7 6 2 0 0 0 0 1 2 6 0
0 0 0.1 93 0.874 0 0 0 0 7 6 2 0 0 0 0 1 2 6 0
0 0 0.1 90 0.921 0 0 0 0 7 6 2 0 0 0 0 1 2 6 0
0 0 0.1 90 1.128 0 0 0 0 7 6 2 0 0 0 0 1 2 6 0
0 0 0.1 90 1.166 0 0 0 0 7 6 2 0 0 0 0 1 2 6 0
0 0 0.1 84 1.151 0 0 0 0 7 6 2 0 0 0 0 1 2 6 0
0 0 0.1 93 1.154 0 0 0 0 7 6 2 0 0 0 0 1 2 6 0
0 0 0.1 90 0.93 0 0 0 0 7 6 2 0 0 0 0 1 2 6 0
0 0 0.1 93 0.925 0 0 0 0 0 6 3 0 0 0 0 1 2 6 0
0 0 0.1 90 1.13 0 0 0 0 0 6 3 0 0 0 0 1 2 6 0
0 0 0.1 87 0.803 0 0 0 0 0 6 3 0 0 0 0 1 2 6 0
0 0 0.1 96 0.808 0 0 0 0 0 6 3 0 0 0 0 1 2 6 0
0 0 0.1 96 0.815 0 0 0 0 0 6 3 0 0 0 0 1 2 6 0
0 0 0.1 93 0.819 0 0 0 0 0 6 3 0 0 0 0 1 2 6 0
0 0 0.1 96 1.191 0 0 0 0 0 6 3 0 0 0 0 1 2 6 0
0 0 0.1 99 1.185 0 0 0 0 0 6 3 0 0 0 0 1 2 6 0
0 0 0.1 96 1.083 0 0 0 0 0 6 3 0 0 0 0 1 2 6 0
0 0 0.1 93 1.115 0 0 0 0 0 6 3 0 0 0 0 1 2 6 0
0 0 0.1 90 1.08 0 0 0 0 0 6 3 0 0 0 0 1 2 6 0
0 0 0.1 84 0.926 0 0 0 0 0 6 3 0 0 0 0 1 2 6 0
0 0 0.1 81 1.019 0 0 0 0 0 6 3 0 0 0 0 1 2 6 0
0 0 0.1 87 1.19 0 0 0 0 0 6 3 0 0 0 0 1 2 6 0
0 0 0.1 90 1.013 0 0 0 0 0 6 3 0 0 0 0 1 2 6 0
0 0 0.1 87 0.873 0 0 0 0 0 7 2 0 99 0 0 0.5 2 4 1
0 0 0.1 90 0.945 0 0 0 0 0 7 2 0 99 0 0 0.5 2 4 0
0 0 0.1 102 1.162 0 0 0 0 0 7 2 0 99 0 0 0.5 2 4 0
0 0 0.1 96 0.958 0 0 0 0 0 7 2 0 99 0 0 0.5 2 4 0
0 0 0.1 75 1.112 0 0 0 0 0 7 2 0 99 0 0 0.5 2 4 0
0 0 0.1 105 0.914 0 0 0 0 0 7 2 0 99 0 0 0.5 2 4 0
0 0 0.1 93 1.142 0 0 0 0 0 7 2 0 99 0 0 0.5 2 4 0
0 0 0.1 84 0.869 0 0 0 0 0 7 2 0 99 0 0 0.5 2 4 0
0 0 0.1 99 0.832 0 0 0 0 0 7 2 0 99 0 0 0.5 2 4 0
0 0 0.1 81 0.917 0 0 0 0 0 7 2 0 99 0 0 0.5 2 4 0
0 0 0.1 78 1.137 0 0 0 0 5 6 3 0 99 0 0 0.5 9 4 0
0 0 0.1 105 1.179 0 0 0 0 0 6 3 0 99 0 0 0.5 3 4 0
0 0 0.1 75 0.818 0 0 0 0 5 6 3 0 99 0 0 0.5 9 4 0
0 0 0.1 81 1.104 0 0 0 0 0 6 3 0 99 0 0 0.5 3 4 0
0 0 0.1 90 0.919 0 0 0 0 5 6 3 0 99 0 0 0.5 9 4 0
0 0 0.1 78 1.061 0 0 0 0 0 6 3 0 99 0 0 0.5 3 4 0
0 0 0.1 99 0.834 0 0 0 0 5 6 3 0 99 0 0 0.5 9 4 0
0 0 0.1 102 1.191 0 0 0 0 0 6 3 0 99 0 0 0.5 3 4 0
0 0 0.1 93 0.806 0 0 0 0 5 6 3 0 99 0 0 0.5 9 4 0
0 0 0.1 87 1.016 0 0 0 0 0 6 3 0 99 0 0 0.5 3 4 0
0 0 0.1 84 1.187 0 0 0 0 0 7 2 0 99 0 0 0.5 2 4 0
0 0 0.1 96 0.841 0 0 0 0 0 7 2 0 99 0 0 0.5 2 4 0
0 0 0.1 105 0.903 0 0 0 0 0 7 2 0 99 0 0 0.5 2 4 0
0 0 0.1 90 1.159 0 0 0 0 0 7 2 0 99 0 0 0.5 2 4 0
0 0 0.1 99 0.956 0 0 0 0 0 7 2 0 99 0 0 0.5 2 4 0
0 0 0.1 102 1.118 0 0 0 0 0 7 2 0 99 0 0 0.5 2 4 0
0 0 0.1 87 0.94 0 0 0 0 0 7 2 0 99 0 0 0.5 2 4 0
0 0 0.1 96 0.856 0 0 0 0 0 7 2 0 99 0 0 0.5 2 4 0
0 0 0.1 81 1.061 0 0 0 0 0 7 2 0 99 0 0 0.5 2 4 0
0 0 0.1 75 1.018 0 0 0 0 0 7 2 0 99 0 0 0.5 2 4 0
0 0 0.1 93 1.179 0 0 0 0 5 6 3 0 99 0 0 0.5 9 4 0
0 0 0.1 78 1.029 0 0 0 0 0 6 3 0 99 0 0 0.5 3 4 0
0 0 0.1 84 1.182 0 0 0 0 5 6 3 0 99 0 0 0.5 9 4 0
0 0 0.1 90 1.113 0 0 0 0 0 6 3 0 99 0 0 0.5 3 4 0
0 0 0.1 78 0.848 0 0 0 0 5 6 3 0 99 0 0 0.5 9 4 0
0 0 0.1 93 1.135 0 0 0 0 0 6 3 0 99 0 0 0.5 3 4 0
0 0 0.1 102 0.835 0 0 0 0 5 6 3 0 99 0 0 0.5 9 4 0
0 0 0.1 81 1.1 0 0 0 0 0 6 3 0 99 0 0 0.5 3 4 0
0 0 0.1 84 0.827 0 0 0 0 5 6 3 0 99 0 0 0.5 9 4 0
0 0 0.1 99 0.832 0 0 0 0 0 6 3 0 99 0 0 0.5 3 4 0
0 0 0.1 75 0.843 0 0 0 0 0 7 2 0 99 0 0 0.5 2 4 0
0 0 0.1 87 0.963 0 0 0 0 0 7 2 0 99 0 0 0.5 2 4 0
0 0 0.1 96 1.19 0 0 0 0 0 7 2 0 99 0 0 0.5 2 4 0
0 0 0.1 105 0.866 0 0 0 0 0 7 2 0 99 0 0 0.5 2 4 0
0 0 0.1 75 1.002 0 0 0 0 0 7 2 0 99 0 0 0.5 2 4 0
0 0 0.1 78 0.881 0 0 0 0 0 7 2 0 99 0 0 0.5 2 4 0
0 0 0.1 96 0.88 0 0 0 0 0 7 2 0 99 0 0 0.5 2 4 0
0 0 0.1 84 0.872 0 0 0 0 0 7 2 0 99 0 0 0.5 2 4 0
0 0 0.1 87 0.91 0 0 0 0 0 7 2 0 99 0 0 0.5 2 4 0
0 0 0.1 90 0.853 0 0 0 0 0 7 2 0 99 0 0 0.5 2 4 0
0 0 0.1 93 1.144 0 0 0 0 5 6 3 0 99 0 0 0.5 9 4 0
0 0 0.1 99 1.059 0 0 0 0 0 6 3 0 99 0 0 0.5 3 4 0
0 0 0.1 102 1.042 0 0 0 0 5 6 3 0 99 0 0 0.5 9 4 0
0 0 0.1 105 1.189 0 0 0 0 0 6 3 0 99 0 0 0.5 3 4 0
0 0 0.1 81 0.951 0 0 0 0 5 6 3 0 99 0 0 0.5 9 4 0
0 0 0.1 93 1.128 0 0 0 0 0 6 3 0 99 0 0 0.5 3 4 0
0 0 0.1 78 0.891 0 0 0 0 5 6 3 0 99 0 0 0.5 9 4 0
0 0 0.1 90 0.883 0 0 0 0 0 6 3 0 99 0 0 0.5 3 4 0
0 0 0.1 105 0.878 0 0 0 0 5 6 3 0 99 0 0 0.5 9 4 0
0 0 0.1 84 0.897 0 0 0 0 0 6 3 0 99 0 0 0.5 3 4 0
0 0 0.1 96 1.192 0 0 0 0 0 7 2 0 99 0 0 0.5 2 4 0
0 0 0.1 99 1.01 0 0 0 0 0 7 2 0 99 0 0 0.5 2 4 0
0 0 0.1 87 1.131 0 0 0 0 0 7 2 0 99 0 0 0.5 2 4 0
0 0 0.1 75 1.069 0 0 0 0 0 7 2 0 99 0 0 0.5 2 4 0
0 0 0.1 102 1.192 0 0 0 0 0 7 2 0 99 0 0 0.5 2 4 0
0 0 0.1 81 0.824 0 0 0 0 0 7 2 0 99 0 0 0.5 2 4 0
0 0 0.1 78 0.935 0 0 0 0 0 7 2 0 99 0 0 0.5 2 4 0
0 0 0.1 90 0.806 0 0 0 0 0 7 2 0 99 0 0 0.5 2 4 0
0 0 0.1 102 0.946 0 0 0 0 0 7 2 0 99 0 0 0.5 2 4 0
0 0 0.1 96 0.884 0 0 0 0 0 7 2 0 99 0 0 0.5 2 4 0
0 0 0.1 81 0.861 0 0 0 0 5 6 3 0 99 0 0 0.5 9 4 0
0 0 0.1 87 1.175 0 0 0 0 0 6 3 0 99 0 0 0.5 3 4 0
0 0 0.1 93 0.961 0 0 0 0 5 6 3 0 99 0 0 0.5 9 4 0
0 0 0.1 84 0.995 0 0 0 0 0 6 3 0 99 0 0 0.5 3 4 0
0 0 0.1 105 1.073 0 0 0 0 5 6 3 0 99 0 0 0.5 9 4 0
0 0 0.1 75 1.142 0 0 0 0 0 6 3 0 99 0 0 0.5 3 4 0
0 0 0.1 99 1.166 0 0 0 0 5 6 3 0 99 0 0 0.5 9 4 0
0 0 0.1 75 0.991 0 0 0 0 0 6 3 0 99 0 0 0.5 3 4 0
0 0 0.1 87 1.086 0 0 0 0 5 6 3 0 99 0 0 0.5 9 4 0
0 0 0.1 90 1.132 0 0 0 0 0 6 3 0 99 0 0 0.5 3 4 0
0 0 0.1 105 1.071 0 0 0 0 0 7 2 0 99 0 0 0.5 2 4 0
0 0 0.1 78 0.936 0 0 0 0 0 7 2 0 99 0 0 0.5 2 4 0
0 0 0.1 96 1.157 0 0 0 0 0 7 2 0 99 0 0 0.5 2 4 0
0 0 0.1 102 1.012 0 0 0 0 0 7 2 0 99 0 0 0.5 2 4 0
0 0 0.1 84 1.15 0 0 0 0 0 7 2 0 99 0 0 0.5 2 4 0
0 0 0.1 81 0.904 0 0 0 0 0 7 2 0 99 0 0 0.5 2 4 0
0 0 0.1 93 1.017 0 0 0 0 0 7 2 0 99 0 0 0.5 2 4 0
0 0 0.1 99 0.887 0 0 0 0 0 7 2 0 99 0 0 0.5 2 4 0
0 0 0.1 75 0.887 0 0 0 0 0 7 2 0 99 0 0 0.5 2 4 0
0 0 0.1 87 0.99 0 0 0 0 0 7 2 0 99 0 0 0.5 2 4 0
0 0 0.1 99 1.158 0 0 0 0 5 6 3 0 99 0 0 0.5 9 4 0
0 0 0.1 93 0.921 0 0 0 0 0 6 3 0 99 0 0 0.5 3 4 0
0 0 0.1 78 1.023 0 0 0 0 5 6 3 0 99 0 0 0.5 9 4 0
0 0 0.1 90 1.103 0 0 0 0 0 6 3 0 99 0 0 0.5 3 4 0
0 0 0.1 102 1.183 0 0 0 0 5 6 3 0 99 0 0 0.5 9 4 0
0 0 0.1 81 1.182 0 0 0 0 0 6 3 0 99 0 0 0.5 3 4 0
0 0 0.1 105 0.934 0 0 0 0 5 6 3 0 99 0 0 0.5 9 4 0
0 0 0.1 96 1.007 0 0 0 0 0 6 3 0 99 0 0 0.5 3 4 0
0 0 0.1 84 0.86 0 0 0 0 5 6 3 0 99 0 0 0.5 9 4 0
0 0 0.1 78 0.943 0 0 0 0 0 6 3 0 99 0 0 0.5 3 4 0
0 0 0.1 99 1.082 0 0 0 0 0 7 2 0 99 0 0 0.5 2 4 0
0 0 0.1 93 0.833 0 0 0 0 0 7 2 0 99 0 0 0.5 2 4 0
0 0 0.1 84 0.901 0 0 0 0 0 7 2 0 99 0 0 0.5 2 4 0
0 0 0.1 96 0.821 0 0 0 0 0 7 2 0 99 0 0 0.5 2 4 0
0 0 0.1 75 1.096 0 0 0 0 0 7 2 0 99 0 0 0.5 2 4 0
0 0 0.1 102 0.806 0 0 0 0 0 7 2 0 99 0 0 0.5 2 4 0
0 0 0.1 105 0.817 0 0 0 0 0 7 2 0 99 0 0 0.5 2 4 0
0 0 0.1 90 0.913 0 0 0 0 0 7 2 0 99 0 0 0.5 2 4 0
0 0 0.1 81 0.817 0 0 0 0 0 7 2 0 99 0 0 0.5 2 4 0
0 0 0.1 87 1.053 0 0 0 0 0 7 2 0 99 0 0 0.5 2 4 0
0 0 0.1 93 1.102 0 0 0 0 5 6 3 0 99 0 0 0.5 9 4 0
0 0 0.1 105 0.821 0 0 0 0 0 6 3 0 99 0 0 0.5 3 4 0
0 0 0.1 81 1.052 0 0 0 0 5 6 3 0 99 0 0 0.5 9 4 0
0 0 0.1 87 0.943 0 0 0 0 0 6 3 0 99 0 0 0.5 3 4 0
0 0 0.1 84 1.124 0 0 0 0 5 6 3 0 99 0 0 0.5 9 4 0
0 0 0.1 96 1.069 0 0 0 0 0 6 3 0 99 0 0 0.5 3 4 0
0 0 0.1 90 0.809 0 0 0 0 5 6 3 0 99 0 0 0.5 9 4 0
0 0 0.1 75 1.076 0 0 0 0 0 6 3 0 99 0 0 0.5 3 4 0
0 0 0.1 102 1.155 0 0 0 0 5 6 3 0 99 0 0 0.5 9 4 0
0 0 0.1 78 1.015 0 0 0 0 0 6 3 0 99 0 0 0.5 3 4 0
0 0 0.1 105 1.169 0 0 0 0 0 7 2 0 0 0 0 1 2 6 0
0 0 0.1 87 0.892 0 0 0 0 0 7 2 0 0 0 0 1 2 6 0
0 0 0.1 102 1.172 0 0 0 0 0 7 2 0 0 0 0 1 2 6 0
0 0 0.1 93 1.172 0 0 0 0 0 7 2 0 0 0 0 1 2 6 0
0 0 0.1 75 1.009 0 0 0 0 0 7 2 0 0 0 0 1 2 6 0
0 0 0.1 78 1.197 0 0 0 0 0 7 2 0 0 0 0 1 2 6 0
0 0 0.1 81 0.826 0 0 0 0 0 7 2 0 0 0 0 1 2 6 0
0 0 0.1 81 1.146 0 0 0 0 0 7 2 0 0 0 0 1 2 6 0
0 0 0.1 93 0.993 0 0 0 0 0 7 2 0 0 0 0 1 2 6 0
0 0 0.1 87 1.015 0 0 0 0 0 7 2 0 0 0 0 1 2 6 0
0 0 0.1 84 0.967 0 0 0 0 0 7 2 0 0 0 0 1 2 6 0
0 0 0.1 81 0.892 0 0 0 0 0 7 2 0 0 0 0 1 2 6 0
0 0 0.1 90 1.193 0 0 0 0 0 7 2 0 0 0 0 1 2 6 0
0 0 0.1 84 1.063 0 0 0 0 0 7 2 0 0 0 0 1 2 6 0
0 0 0.1 78 1.033 0 0 0 0 0 7 2 0 0 0 0 1 2 6 0
0 0 0.1 81 0.857 0 0 0 0 0 7 2 0 0 0 0 1 2 6 0
0 0 0.1 99 1.08 0 0 0 0 0 7 2 0 0 0 0 1 2 6 0
0 0 0.1 105 1.1 0 0 0 0 0 7 2 0 0 0 0 1 2 6 0
0 0 0.1 102 1.182 0 0 0 0 0 7 2 0 0 0 0 1 2 6 0
0 0 0.1 90 0.853 0 0 0 0 0 7 2 0 0 0 0 1 2 6 0
0 0 0.1 87 1.06 0 0 0 0 0 7 2 0 0 0 0 1 2 6 0
0 0 0.1 84 1.084 0 0 0 0 0 7 2 0 0 0 0 1 2 6 0
0 0 0.1 75 0.84 0 0 0 0 0 7 2 0 0 0 0 1 2 6 0
0 0 0.1 84 0.828 0 0 0 0 0 7 2 0 0 0 0 1 2 6 0
0 0 0.1 99 0.913 0 0 0 0 0 7 2 0 0 0 0 1 2 6 0
0 0 0.1 96 1.095 0 0 0 0 0 7 2 0 0 0 0 1 2 6 0
0 0 0.1 99 1.185 0 0 0 0 0 7 2 0 0 0 0 1 2 6 0
0 0 0.1 87 1.126 0 0 0 0 0 7 2 0 0 0 0 1 2 6 0
0 0 0.1 81 0.967 0 0 0 0 0 7 2 0 0 0 0 1 2 6 0
0 0 0.1 96 0.982 0 0 0 0 0 7 2 0 0 0 0 1 2 6 0
0 0 0.1 93 0.945 0 0 0 0 0 6 2 0 0 0 0 1 2 6 0
0 0 0.1 81 0.818 0 0 0 0 0 6 2 0 0 0 0 1 2 6 0
0 0 0.1 84 1.089 0 0 0 0 0 6 2 0 0 0 0 1 2 6 0
0 0 0.1 87 1.152 0 0 0 0 0 6 2 0 0 0 0 1 2 6 0
0 0 0.1 87 1.138 0 0 0 0 0 6 2 0 0 0 0 1 2 6 0
0 0 0.1 90 0.823 0 0 0 0 7 6 2 0 0 0 0 1 2 6 0
0 0 0.1 93 0.997 0 0 0 0 7 6 2 0 0 0 0 1 2 6 0
0 0 0.1 87 1.072 0 0 0 0 7 6 2 0 0 0 0 1 2 6 0
0 0 0.1 93 0.874 0 0 0 0 7 6 2 0 0 0 0 1 2 6 0
0 0 0.1 90 0.921 0 0 0 0 7 6 2 0 0 0 0 1 2 6 0
0 0 0.1 90 1.128 0 0 0 0 7 6 2 0 0 0 0 1 2 6 0
0 0 0.1 90 1.166 0 0 0 0 7 6 2 0 0 0 0 1 2 6 0
0 0 0.1 84 1.151 0 0 0 0 7 6 2 0 0 0 0 1 2 6 0
0 0 0.1 93 1.154 0 0 0 0 7 6 2 0 0 0 0 1 2 6 0
0 0 0.1 90 0.93 0 0 0 0 7 6 2 0 0 0 0 1 2 6 0
0 0 0.1 93 0.925 0 0 0 0 0 6 3 0 0 0 0 1 2 6 0
0 0 0.1 90 1.13 0 0 0 0 0 6 3 0 0 0 0 1 2 6 0
0 0 0.1 87 0.803 0 0 0 0 0 6 3 0 0 0 0 1 2 6 0
0 0 0.1 96 0.808 0 0 0 0 0 6 3 0 0 0 0 1 2 6 0
0 0 0.1 96 0.815 0 0 0 0 0 6 3 0 0 0 0 1 2 6 0
0 0 0.1 93 0.819 0 0 0 0 0 6 3 0 0 0 0 1 2 6 0
0 0 0.1 96 1.191 0 0 0 0 0 6 3 0 0 0 0 1 2 6 0
0 0 0.1 99 1.185 0 0 0 0 0 6 3 0 0 0 0 1 2 6 0
0 0 0.1 96 1.083 0 0 0 0 0 6 3 0 0 0 0 1 2 6 0
0 0 0.1 93 1.115 0 0 0 0 0 6 3 0 0 0 0 1 2 6 0
0 0 0.1 90 1.08 0 0 0 0 0 6 3 0 0 0 0 1 2 6 0
0 0 0.1 84 0.926 0 0 0 0 0 6 3 0 0 0 0 1 2 6 0
0 0 0.1 81 1.019 0 0 0 0 0 6 3 0 0 0 0 1 2 6 0
0 0 0.1 87 1.19 0 0 0 0 0 6 3 0 0 0 0 1 2 6 0
0 0 0.1 90 1.013 0 0 0 0 0 6 3 0 0 0 0 1 2 6 0
0 0 0.1 87 0.873 0 0 0 0 0 7 2 0 22 -20 0 0.5 2 4 1
0 0 0.1 90 0.945 0 0 0 0 0 7 2 0 22 -20 0 0.5 2 4 0
0 0 0.1 102 1.162 0 0 0 0 0 7 2 0 22 -20 0 0.5 2 4 0
0 0 0.1 96 0.958 0 0 0 0 0 7 2 0 22 -20 0 0.5 2 4 0
0 0 0.1 75 1.112 0 0 0 0 0 7 2 0 22 -20 0 0.5 2 4 0
0 0 0.1 105 0.914 0 0 0 0 0 7 2 0 22 -20 0 0.5 2 4 0
0 0 0.1 93 1.142 0 0 0 0 0 7 2 0 22 -20 0 0.5 2 4 0
0 0 0.1 84 0.869 0 0 0 0 0 7 2 0 22 -20 0 0.5 2 4 0
0 0 0.1 99 0.832 0 0 0 0 0 7 2 0 22 -20 0 0.5 2 4 0
0 0 0.1 81 0.917 0 0 0 0 0 7 2 0 22 -20 0 0.5 2 4 0
0 0 0.1 78 1.137 0 0 0 0 5 6 3 0 22 -20 0 0.5 9 4 0
0 0 0.1 105 1.179 0 0 0 0 0 6 3 1 22 -20 0 0.5 3 4 0
0 0 0.1 75 0.818 0 0 0 0 5 6 3 0 22 -20 0 0.5 9 4 0
0 0 0.1 81 1.104 0 0 0 0 0 6 3 1 22 -20 0 0.5 3 4 0
0 0 0.1 90 0.919 0 0 0 0 5 6 3 0 22 -20 0 0.5 9 4 0
0 0 0.1 78 1.061 0 0 0 0 0 6 3 1 22 -20 0 0.5 3 4 0
0 0 0.1 99 0.834 0 0 0 0 5 6 3 0 22 -20 0 0.5 9 4 0
0 0 0.1 102 1.191 0 0 0 0 0 6 3 1 22 -20 0 0.5 3 4 0
0 0 0.1 93 0.806 0 0 0 0 5 6 3 0 22 -20 0 0.5 9 4 0
0 0 0.1 87 1.016 0 0 0 0 0 6 3 1 22 -20 0 0.5 3 4 0
0 0 0.1 84 1.187 0 0 0 0 0 7 2 0 22 -20 0 0.5 2 4 0
0 0 0.1 96 0.841 0 0 0 0 0 7 2 0 22 -20 0 0.5 2 4 0
0 0 0.1 105 0.903 0 0 0 0 0 7 2 0 22 -20 0 0.5 2 4 0
0 0 0.1 90 1.159 0 0 0 0 0 7 2 0 22 -20 0 0.5 2 4 0
0 0 0.1 99 0.956 0 0 0 0 0 7 2 0 22 -20 0 0.5 2 4 0
0 0 0.1 102 1.118 0 0 0 0 0 7 2 0 22 -20 0 0.5 2 4 0
0 0 0.1 87 0.94 0 0 0 0 0 7 2 0 22 -20 0 0.5 2 4 0
0 0 0.1 96 0.856 0 0 0 0 0 7 2 0 22 -20 0 0.5 2 4 0
0 0 0.1 81 1.061 0 0 0 0 0 7 2 0 22 -20 0 0.5 2 4 0
0 0 0.1 75 1.018 0 0 0 0 0 7 2 0 22 -20 0 0.5 2 4 0
0 0 0.1 93 1.179 0 0 0 0 5 6 3 0 22 -20 0 0.5 9 4 0
0 0 0.1 78 1.029 0 0 0 0 0 6 3 1 22 -20 0 0.5 3 4 0
0 0 0.1 84 1.182 0 0 0 0 5 6 3 0 22 -20 0 0.5 9 4 0
0 0 0.1 90 1.113 0 0 0 0 0 6 3 1 22 -20 0 0.5 3 4 0
0 0 0.1 78 0.848 0 0 0 0 5 6 3 0 22 -20 0 0.5 9 4 0
0 0 0.1 93 1.135 0 0 0 0 0 6 3 1 22 -20 0 0.5 3 4 0
0 0 0.1 102 0.835 0 0 0 0 5 6 3 0 22 -20 0 0.5 9 4 0
0 0 0.1 81 1.1 0 0 0 0 0 6 3 1 22 -20 0 0.5 3 4 0
0 0 0.1 84 0.827 0 0 0 0 5 6 3 0 22 -20 0 0.5 9 4 0
0 0 0.1 99 0.832 0 0 0 0 0 6 3 1 22 -20 0 0.5 3 4 0
0 0 0.1 75 0.843 0 0 0 0 0 7 2 0 22 -20 0 0.5 2 4 0
0 0 0.1 87 0.963 0 0 0 0 0 7 2 0 22 -20 0 0.5 2 4 0
0 0 0.1 96 1.19 0 0 0 0 0 7 2 0 22 -20 0 0.5 2 4 0
0 0 0.1 105 0.866 0 0 0 0 0 7 2 0 22 -20 0 0.5 2 4 0
0 0 0.1 75 1.002 0 0 0 0 0 7 2 0 22 -20 0 0.5 2 4 0
0 0 0.1 78 0.881 0 0 0 0 0 7 2 0 22 -20 0 0.5 2 4 0
0 0 0.1 96 0.88 0 0 0 0 0 7 2 0 22 -20 0 0.5 2 4 0
0 0 0.1 84 0.872 0 0 0 0 0 7 2 0 22 -20 0 0.5 2 4 0
0 0 0.1 87 0.91 0 0 0 0 0 7 2 0 22 -20 0 0.5 2 4 0
0 0 0.1 90 0.853 0 0 0 0 0 7 2 0 22 -20 0 0.5 2 4 0
0 0 0.1 93 1.144 0 0 0 0 5 6 3 0 22 -20 0 0.5 9 4 0
0 0 0.1 99 1.059 0 0 0 0 0 6 3 1 22 -20 0 0.5 3 4 0
0 0 0.1 102 1.042 0 0 0 0 5 6 3 0 22 -20 0 0.5 9 4 0
0 0 0.1 105 1.189 0 0 0 0 0 6 3 1 22 -20 0 0.5 3 4 0
0 0 0.1 81 0.951 0 0 0 0 5 6 3 0 22 -20 0 0.5 9 4 0
0 0 0.1 93 1.128 0 0 0 0 0 6 3 1 22 -20 0 0.5 3 4 0
0 0 0.1 78 0.891 0 0 0 0 5 6 3 0 22 -20 0 0.5 9 4 0
0 0 0.1 90 0.883 0 0 0 0 0 6 3 1 22 -20 0 0.5 3 4 0
0 0 0.1 105 0.878 0 0 0 0 5 6 3 0 22 -20 0 0.5 9 4 0
0 0 0.1 84 0.897 0 0 0 0 0 6 3 1 22 -20 0 0.5 3 4 0
0 0 0.1 96 1.192 0 0 0 0 0 7 2 0 22 -20 0 0.5 2 4 0
0 0 0.1 99 1.01 0 0 0 0 0 7 2 0 22 -20 0 0.5 2 4 0
0 0 0.1 87 1.131 0 0 0 0 0 7 2 0 22 -20 0 0.5 2 4 0
0 0 0.1 75 1.069 0 0 0 0 0 7 2 0 22 -20 0 0.5 2 4 0
0 0 0.1 102 1.192 0 0 0 0 0 7 2 0 22 -20 0 0.5 2 4 0
0 0 0.1 81 0.824 0 0 0 0 0 7 2 0 22 -20 0 0.5 2 4 0
0 0 0.1 78 0.935 0 0 0 0 0 7 2 0 22 -20 0 0.5 2 4 0
0 0 0.1 90 0.806 0 0 0 0 0 7 2 0 22 -20 0 0.5 2 4 0
0 0 0.1 102 0.946 0 0 0 0 0 7 2 0 22 -20 0 0.5 2 4 0
0 0 0.1 96 0.884 0 0 0 0 0 7 2 0 22 -20 0 0.5 2 4 0
0 0 0.1 81 0.861 0 0 0 0 5 6 3 0 22 -20 0 0.5 9 4 0
0 0 0.1 87 1.175 0 0 0 0 0 6 3 1 22 -20 0 0.5 3 4 0
0 0 0.1 93 0.961 0 0 0 0 5 6 3 0 22 -20 0 0.5 9 4 0
0 0 0.1 84 0.995 0 0 0 0 0 6 3 1 22 -20 0 0.5 3 4 0
0 0 0.1 105 1.073 0 0 0 0 5 6 3 0 22 -20 0 0.5 9 4 0
0 0 0.1 75 1.142 0 0 0 0 0 6 3 1 22 -20 0 0.5 3 4 0
0 0 0.1 99 1.166 0 0 0 0 5 6 3 0 22 -20 0 0.5 9 4 0
0 0 0.1 75 0.991 0 0 0 0 0 6 3 1 22 -20 0 0.5 3 4 0
0 0 0.1 87 1.086 0 0 0 0 5 6 3 0 22 -20 0 0.5 9 4 0
0 0 0.1 90 1.132 0 0 0 0 0 6 3 1 22 -20 0 0.5 3 4 0
0 0 0.1 105 1.071 0 0 0 0 0 7 2 0 22 -20 0 0.5 2 4 0
0 0 0.1 78 0.936 0 0 0 0 0 7 2 0 22 -20 0 0.5 2 4 0
0 0 0.1 96 1.157 0 0 0 0 0 7 2 0 22 -20 0 0.5 2 4 0
0 0 0.1 102 1.012 0 0 0 0 0 7 2 0 22 -20 0 0.5 2 4 0
0 0 0.1 84 1.15 0 0 0 0 0 7 2 0 22 -20 0 0.5 2 4 0
0 0 0.1 81 0.904 0 0 0 0 0 7 2 0 22 -20 0 0.5 2 4 0
0 0 0.1 93 1.017 0 0 0 0 0 7 2 0 22 -20 0 0.5 2 4 0
0 0 0.1 99 0.887 0 0 0 0 0 7 2 0 22 -20 0 0.5 2 4 0
0 0 0.1 75 0.887 0 0 0 0 0 7 2 0 22 -20 0 0.5 2 4 0
0 0 0.1 87 0.99 0 0 0 0 0 7 2 0 22 -20 0 0.5 2 4 0
0 0 0.1 99 1.158 0 0 0 0 5 6 3 0 22 -20 0 0.5 9 4 0
0 0 0.1 93 0.921 0 0 0 0 0 6 3 1 22 -20 0 0.5 3 4 0
0 0 0.1 78 1.023 0 0 0 0 5 6 3 0 22 -20 0 0.5 9 4 0
0 0 0.1 90 1.103 0 0 0 0 0 6 3 1 22 -20 0 0.5 3 4 0
0 0 0.1 102 1.183 0 0 0 0 5 6 3 0 22 -20 0 0.5 9 4 0
0 0 0.1 81 1.182 0 0 0 0 0 6 3 1 22 -20 0 0.5 3 4 0
0 0 0.1 105 0.934 0 0 0 0 5 6 3 0 22 -20 0 0.5 9 4 0
0 0 0.1 96 1.007 0 0 0 0 0 6 3 1 22 -20 0 0.5 3 4 0
0 0 0.1 84 0.86 0 0 0 0 5 6 3 0 22 -20 0 0.5 9 4 0
0 0 0.1 78 0.943 0 0 0 0 0 6 3 1 22 -20 0 0.5 3 4 0
0 0 0.1 99 1.082 0 0 0 0 0 7 2 0 22 -20 0 0.5 2 4 0
0 0 0.1 93 0.833 0 0 0 0 0 7 2 0 22 -20 0 0.5 2 4 0
0 0 0.1 84 0.901 0 0 0 0 0 7 2 0 22 -20 0 0.5 2 4 0
0 0 0.1 96 0.821 0 0 0 0 0 7 2 0 22 -20 0 0.5 2 4 0
0 0 0.1 75 1.096 0 0 0 0 0 7 2 0 22 -20 0 0.5 2 4 0
0 0 0.1 102 0.806 0 0 0 0 0 7 2 0 22 -20 0 0.5 2 4 0
0 0 0.1 105 0.817 0 0 0 0 0 7 2 0 22 -20 0 0.5 2 4 0
0 0 0.1 90 0.913 0 0 0 0 0 7 2 0 22 -20 0 0.5 2 4 0
0 0 0.1 81 0.817 0 0 0 0 0 7 2 0 22 -20 0 0.5 2 4 0
0 0 0.1 87 1.053 0 0 0 0 0 7 2 0 22 -20 0 0.5 2 4 0
0 0 0.1 93 1.102 0 0 0 0 5 6 3 0 22 -20 0 0.5 9 4 0
0 0 0.1 105 0.821 0 0 0 0 0 6 3 1 22 -20 0 0.5 3 4 0
0 0 0.1 81 1.052 0 0 0 0 5 6 3 0 22 -20 0 0.5 9 4 0
0 0 0.1 87 0.943 0 0 0 0 0 6 3 1 22 -20 0 0.5 3 4 0
0 0 0.1 84 1.124 0 0 0 0 5 6 3 0 22 -20 0 0.5 9 4 0
0 0 0.1 96 1.069 0 0 0 0 0 6 3 1 22 -20 0 0.5 3 4 0
0 0 0.1 90 0.809 0 0 0 0 5 6 3 0 22 -20 0 0.5 9 4 0
0 0 0.1 75 1.076 0 0 0 0 0 6 3 1 22 -20 0 0.5 3 4 0
0 0 0.1 102 1.155 0 0 0 0 5 6 3 0 22 -20 0 0.5 9 4 0
0 0 0.1 78 1.015 0 0 0 0 0 6 3 1 22 -20 0 0.5 3 4 0
0 0 0.1 105 1.169 0 0 0 0 0 7 2 0 0 0 0 1 2 6 0
0 0 0.1 87 0.892 0 0 0 0 0 7 2 0 0 0 0 1 2 6 0
0 0 0.1 102 1.172 0 0 0 0 0 7 2 0 0 0 0 1 2 6 0
0 0 0.1 93 1.172 0 0 0 0 0 7 2 0 0 0 0 1 2 6 0
0 0 0.1 75 1.009 0 0 0 0 0 7 2 0 0 0 0 1 2 6 0
0 0 0.1 78 1.197 0 0 0 0 0 7 2 0 0 0 0 1 2 6 0
0 0 0.1 81 0.826 0 0 0 0 0 7 2 0 0 0 0 1 2 6 0
0 0 0.1 81 1.146 0 0 0 0 0 7 2 0 0 0 0 1 2 6 0
0 0 0.1 93 0.993 0 0 0 0 0 7 2 0 0 0 0 1 2 6 0
0 0 0.1 87 1.015 0 0 0 0 0 7 2 0 0 0 0 1 2 6 0
0 0 0.1 84 0.967 0 0 0 0 0 7 2 0 0 0 0 1 2 6 0
0 0 0.1 81 0.892 0 0 0 0 0 7 2 0 0 0 0 1 2 6 0
0 0 0.1 90 1.193 0 0 0 0 0 7 2 0 0 0 0 1 2 6 0
0 0 0.1 84 1.063 0 0 0 0 0 7 2 0 0 0 0 1 2 6 0
0 0 0.1 78 1.033 0 0 0 0 0 7 2 0 0 0 0 1 2 6 0
0 0 0.1 81 0.857 0 0 0 0 0 7 2 0 0 0 0 1 2 6 0
0 0 0.1 99 1.08 0 0 0 0 0 7 2 0 0 0 0 1 2 6 0
0 0 0.1 105 1.1 0 0 0 0 0 7 2 0 0 0 0 1 2 6 0
0 0 0.1 102 1.182 0 0 0 0 0 7 2 0 0 0 0 1 2 6 0
0 0 0.1 90 0.853 0 0 0 0 0 7 2 0 0 0 0 1 2 6 0
0 0 0.1 87 1.06 0 0 0 0 0 7 2 0 0 0 0 1 2 6 0
0 0 0.1 84 1.084 0 0 0 0 0 7 2 0 0 0 0 1 2 6 0
0 0 0.1 75 0.84 0 0 0 0 0 7 2 0 0 0 0 1 2 6 0
0 0 0.1 84 0.828 0 0 0 0 0 7 2 0 0 0 0 1 2 6 0
0 0 0.1 99 0.913 0 0 0 0 0 7 2 0 0 0 0 1 2 6 0
0 0 0.1 96 1.095 0 0 0 0 0 7 2 0 0 0 0 1 2 6 0
0 0 0.1 99 1.185 0 0 0 0 0 7 2 0 0 0 0 1 2 6 0
0 0 0.1 87 1.126 0 0 0 0 0 7 2 0 0 0 0 1 2 6 0
0 0 0.1 81 0.967 0 0 0 0 0 7 2 0 0 0 0 1 2 6 0
0 0 0.1 96 0.982 0 0 0 0 0 7 2 0 0 0 0 1 2 6 0
0 0 0.1 93 0.945 0 0 0 0 0 6 2 0 0 0 0 1 2 6 0
0 0 0.1 81 0.818 0 0 0 0 0 6 2 0 0 0 0 1 2 6 0
0 0 0.1 84 1.089 0 0 0 0 0 6 2 0 0 0 0 1 2 6 0
0 0 0.1 87 1.152 0 0 0 0 0 6 2 0 0 0 0 1 2 6 0
0 0 0.1 87 1.138 0 0 0 0 0 6 2 0 0 0 0 1 2 6 0
0 0 0.1 90 0.823 0 0 0 0 7 6 2 0 0 0 0 1 2 6 0
0 0 0.1 93 0.997 0 0 0 0 7 6 2 0 0 0 0 1 2 6 0
0 0 0.1 87 1.072 0 0 0 0 7 6 2 0 0 0 0 1 2 6 0
0 0 0.1 93 0.874 0 0 0 0 7 6 2 0 0 0 0 1 2 6 0
0 0 0.1 90 0.921 0 0 0 0 7 6 2 0 0 0 0 1 2 6 0
0 0 0.1 90 1.128 0 0 0 0 7 6 2 0 0 0 0 1 2 6 0
0 0 0.1 90 1.166 0 0 0 0 7 6 2 0 0 0 0 1 2 6 0
0 0 0.1 84 1.151 0 0 0 0 7 6 2 0 0 0 0 1 2 6 0
0 0 0.1 93 1.154 0 0 0 0 7 6 2 0 0 0 0 1 2 6 0
0 0 0.1 90 0.93 0 0 0 0 7 6 2 0 0 0 0 1 2 6 0
0 0 0.1 93 0.925 0 0 0 0 0 6 3 0 0 0 0 1 2 6 0
0 0 0.1 90 1.13 0 0 0 0 0 6 3 0 0 0 0 1 2 6 0
0 0 0.1 87 0.803 0 0 0 0 0 6 3 0 0 0 0 1 2 6 0
0 0 0.1 96 0.808 0 0 0 0 0 6 3 0 0 0 0 1 2 6 0
0 0 0.1 96 0.815 0 0 0 0 0 6 3 0 0 0 0 1 2 6 0
0 0 0.1 93 0.819 0 0 0 0 0 6 3 0 0 0 0 1 2 6 0
0 0 0.1 96 1.191 0 0 0 0 0 6 3 0 0 0 0 1 2 6 0
0 0 0.1 99 1.185 0 0 0 0 0 6 3 0 0 0 0 1 2 6 0
0 0 0.1 96 1.083 0 0 0 0 0 6 3 0 0 0 0 1 2 6 0
0 0 0.1 93 1.115 0 0 0 0 0 6 3 0 0 0 0 1 2 6 0
0 0 0.1 90 1.08 0 0 0 0 0 6 3 0 0 0 0 1 2 6 0
0 0 0.1 84 0.926 0 0 0 0 0 6 3 0 0 0 0 1 2 6 0
0 0 0.1 81 1.019 0 0 0 0 0 6 3 0 0 0 0 1 2 6 0
0 0 0.1 87 1.19 0 0 0 0 0 6 3 0 0 0 0 1 2 6 0
0 0 0.1 90 1.013 0 0 0 0 0 6 3 0 0 0 0 1 2 6 0
0 0 0.1 87 0.873 0 0 0 0 0 7 2 0 22 -20 0 0.5 2 4 1
0 0 0.1 90 0.945 0 0 0 0 0 7 2 0 22 -20 0 0.5 2 4 0
0 0 0.1 102 1.162 0 0 0 0 0 7 2 0 22 -20 0 0.5 2 4 0
0 0 0.1 96 0.958 0 0 0 0 0 7 2 0 22 -20 0 0.5 2 4 0
0 0 0.1 75 1.112 0 0 0 0 0 7 2 0 22 -20 0 0.5 2 4 0
0 0 0.1 105 0.914 0 0 0 0 0 7 2 0 22 -20 0 0.5 2 4 0
0 0 0.1 93 1.142 0 0 0 0 0 7 2 0 22 -20 0 0.5 2 4 0
0 0 0.1 84 0.869 0 0 0 0 0 7 2 0 22 -20 0 0.5 2 4 0
0 0 0.1 99 0.832 0 0 0 0 0 7 2 0 22 -20 0 0.5 2 4 0
0 0 0.1 81 0.917 0 0 0 0 0 7 2 0 22 -20 0 0.5 2 4 0
0 0 0.1 78 1.137 0 0 0 0 5 6 3 0 22 -20 0 0.5 9 4 0
0 0 0.1 105 1.179 0 0 0 0 0 6 3 1 22 -20 0 0.5 3 4 0
0 0 0.1 75 0.818 0 0 0 0 5 6 3 0 22 -20 0 0.5 9 4 0
0 0 0.1 81 1.104 0 0 0 0 0 6 3 1 22 -20 0 0.5 3 4 0
0 0 0.1 90 0.919 0 0 0 0 5 6 3 0 22 -20 0 0.5 9 4 0
0 0 0.1 78 1.061 0 0 0 0 0 6 3 1 22 -20 0 0.5 3 4 0
0 0 0.1 99 0.834 0 0 0 0 5 6 3 0 22 -20 0 0.5 9 4 0
0 0 0.1 102 1.191 0 0 0 0 0 6 3 1 22 -20 0 0.5 3 4 0
0 0 0.1 93 0.806 0 0 0 0 5 6 3 0 22 -20 0 0.5 9 4 0
0 0 0.1 87 1.016 0 0 0 0 0 6 3 1 22 -20 0 0.5 3 4 0
0 0 0.1 84 1.187 0 0 0 0 0 7 2 0 22 -20 0 0.5 2 4 0
0 0 0.1 96 0.841 0 0 0 0 0 7 2 0 22 -20 0 0.5 2 4 0
0 0 0.1 105 0.903 0 0 0 0 0 7 2 0 22 -20 0 0.5 2 4 0
0 0 0.1 90 1.159 0 0 0 0 0 7 2 0 22 -20 0 0.5 2 4 0
0 0 0.1 99 0.956 0 0 0 0 0 7 2 0 22 -20 0 0.5 2 4 0
0 0 0.1 102 1.118 0 0 0 0 0 7 2 0 22 -20 0 0.5 2 4 0
0 0 0.1 87 0.94 0 0 0 0 0 7 2 0 22 -20 0 0.5 2 4 0
0 0 0.1 96 0.856 0 0 0 0 0 7 2 0 22 -20 0 0.5 2 4 0
0 0 0.1 81 1.061 0 0 0 0 0 7 2 0 22 -20 0 0.5 2 4 0
0 0 0.1 75 1.018 0 0 0 0 0 7 2 0 22 -20 0 0.5 2 4 0
0 0 0.1 93 1.179 0 0 0 0 5 6 3 0 22 -20 0 0.5 9 4 0
0 0 0.1 78 1.029 0 0 0 0 0 6 3 1 22 -20 0 0.5 3 4 0
0 0 0.1 84 1.182 0 0 0 0 5 6 3 0 22 -20 0 0.5 9 4 0
0 0 0.1 90 1.113 0 0 0 0 0 6 3 1 22 -20 0 0.5 3 4 0
0 0 0.1 78 0.848 0 0 0 0 5 6 3 0 22 -20 0 0.5 9 4 0
0 0 0.1 93 1.135 0 0 0 0 0 6 3 1 22 -20 0 0.5 3 4 0
0 0 0.1 102 0.835 0 0 0 0 5 6 3 0 22 -20 0 0.5 9 4 0
0 0 0.1 81 1.1 0 0 0 0 0 6 3 1 22 -20 0 0.5 3 4 0
0 0 0.1 84 0.827 0 0 0 0 5 6 3 0 22 -20 0 0.5 9 4 0
0 0 0.1 99 0.832 0 0 0 0 0 6 3 1 22 -20 0 0.5 3 4 0
0 0 0.1 75 0.843 0 0 0 0 0 7 2 0 22 -20 0 0.5 2 4 0
0 0 0.1 87 0.963 0 0 0 0 0 7 2 0 22 -20 0 0.5 2 4 0
0 0 0.1 96 1.19 0 0 0 0 0 7 2 0 22 -20 0 0.5 2 4 0
0 0 0.1 105 0.866 0 0 0 0 0 7 2 0 22 -20 0 0.5 2 4 0
0 0 0.1 75 1.002 0 0 0 0 0 7 2 0 22 -20 0 0.5 2 4 0
0 0 0.1 78 0.881 0 0 0 0 0 7 2 0 22 -20 0 0.5 2 4 0
0 0 0.1 96 0.88 0 0 0 0 0 7 2 0 22 -20 0 0.5 2 4 0
0 0 0.1 84 0.872 0 0 0 0 0 7 2 0 22 -20 0 0.5 2 4 0
0 0 0.1 87 0.91 0 0 0 0 0 7 2 0 22 -20 0 0.5 2 4 0
0 0 0.1 90 0.853 0 0 0 0 0 7 2 0 22 -20 0 0.5 2 4 0
0 0 0.1 93 1.144 0 0 0 0 5 6 3 0 22 -20 0 0.5 9 4 0
0 0 0.1 99 1.059 0 0 0 0 0 6 3 1 22 -20 0 0.5 3 4 0
0 0 0.1 102 1.042 0 0 0 0 5 6 3 0 22 -20 0 0.5 9 4 0
0 0 0.1 105 1.189 0 0 0 0 0 6 3 1 22 -20 0 0.5 3 4 0
0 0 0.1 81 0.951 0 0 0 0 5 6 3 0 22 -20 0 0.5 9 4 0
0 0 0.1 93 1.128 0 0 0 0 0 6 3 1 22 -20 0 0.5 3 4 0
0 0 0.1 78 0.891 0 0 0 0 5 6 3 0 22 -20 0 0.5 9 4 0
0 0 0.1 90 0.883 0 0 0 0 0 6 3 1 22 -20 0 0.5 3 4 0
0 0 0.1 105 0.878 0 0 0 0 5 6 3 0 22 -20 0 0.5 9 4 0
0 0 0.1 84 0.897 0 0 0 0 0 6 3 1 22 -20 0 0.5 3 4 0
0 0 0.1 96 1.192 0 0 0 0 0 7 2 0 22 -20 0 0.5 2 4 0
0 0 0.1 99 1.01 0 0 0 0 0 7 2 0 22 -20 0 0.5 2 4 0
0 0 0.1 87 1.131 0 0 0 0 0 7 2 0 22 -20 0 0.5 2 4 0
0 0 0.1 75 1.069 0 0 0 0 0 7 2 0 22 -20 0 0.5 2 4 0
0 0 0.1 102 1.192 0 0 0 0 0 7 2 0 22 -20 0 0.5 2 4 0
0 0 0.1 81 0.824 0 0 0 0 0 7 2 0 22 -20 0 0.5 2 4 0
0 0 0.1 78 0.935 0 0 0 0 0 7 2 0 22 -20 0 0.5 2 4 0
0 0 0.1 90 0.806 0 0 0 0 0 7 2 0 22 -20 0 0.5 2 4 0
0 0 0.1 102 0.946 0 0 0 0 0 7 2 0 22 -20 0 0.5 2 4 0
0 0 0.1 96 0.884 0 0 0 0 0 7 2 0 22 -20 0 0.5 2 4 0
0 0 0.1 81 0.861 0 0 0 0 5 6 3 0 22 -20 0 0.5 9 4 0
0 0 0.1 87 1.175 0 0 0 0 0 6 3 1 22 -20 0 0.5 3 4 0
0 0 0.1 93 0.961 0 0 0 0 5 6 3 0 22 -20 0 0.5 9 4 0
0 0 0.1 84 0.995 0 0 0 0 0 6 3 1 22 -20 0 0.5 3 4 0
0 0 0.1 105 1.073 0 0 0 0 5 6 3 0 22 -20 0 0.5 9 4 0
0 0 0.1 75 1.142 0 0 0 0 0 6 3 1 22 -20 0 0.5 3 4 0
0 0 0.1 99 1.166 0 0 0 0 5 6 3 0 22 -20 0 0.5 9 4 0
0 0 0.1 75 0.991 0 0 0 0 0 6 3 1 22 -20 0 0.5 3 4 0
0 0 0.1 87 1.086 0 0 0 0 5 6 3 0 22 -20 0 0.5 9 4 0
0 0 0.1 90 1.132 0 0 0 0 0 6 3 1 22 -20 0 0.5 3 4 0
0 0 0.1 105 1.071 0 0 0 0 0 7 2 0 22 -20 0 0.5 2 4 0
0 0 0.1 78 0.936 0 0 0 0 0 7 2 0 22 -20 0 0.5 2 4 0
0 0 0.1 96 1.157 0 0 0 0 0 7 2 0 22 -20 0 0.5 2 4 0
0 0 0.1 102 1.012 0 0 0 0 0 7 2 0 22 -20 0 0.5 2 4 0
0 0 0.1 84 1.15 0 0 0 0 0 7 2 0 22 -20 0 0.5 2 4 0
0 0 0.1 81 0.904 0 0 0 0 0 7 2 0 22 -20 0 0.5 2 4 0
0 0 0.1 93 1.017 0 0 0 0 0 7 2 0 22 -20 0 0.5 2 4 0
0 0 0.1 99 0.887 0 0 0 0 0 7 2 0 22 -20 0 0.5 2 4 0
0 0 0.1 75 0.887 0 0 0 0 0 7 2 0 22 -20 0 0.5 2 4 0
0 0 0.1 87 0.99 0 0 0 0 0 7 2 0 22 -20 0 0.5 2 4 0
0 0 0.1 99 1.158 0 0 0 0 5 6 3 0 22 -20 0 0.5 9 4 0
0 0 0.1 93 0.921 0 0 0 0 0 6 3 1 22 -20 0 0.5 3 4 0
0 0 0.1 78 1.023 0 0 0 0 5 6 3 0 22 -20 0 0.5 9 4 0
0 0 0.1 90 1.103 0 0 0 0 0 6 3 1 22 -20 0 0.5 3 4 0
0 0 0.1 102 1.183 0 0 0 0 5 6 3 0 22 -20 0 0.5 9 4 0
0 0 0.1 81 1.182 0 0 0 0 0 6 3 1 22 -20 0 0.5 3 4 0
0 0 0.1 105 0.934 0 0 0 0 5 6 3 0 22 -20 0 0.5 9 4 0
0 0 0.1 96 1.007 0 0 0 0 0 6 3 1 22 -20 0 0.5 3 4 0
0 0 0.1 84 0.86 0 0 0 0 5 6 3 0 22 -20 0 0.5 9 4 0
0 0 0.1 78 0.943 0 0 0 0 0 6 3 1 22 -20 0 0.5 3 4 0
0 0 0.1 99 1.082 0 0 0 0 0 7 2 0 22 -20 0 0.5 2 4 0
0 0 0.1 93 0.833 0 0 0 0 0 7 2 0 22 -20 0 0.5 2 4 0
0 0 0.1 84 0.901 0 0 0 0 0 7 2 0 22 -20 0 0.5 2 4 0
0 0 0.1 96 0.821 0 0 0 0 0 7 2 0 22 -20 0 0.5 2 4 0
0 0 0.1 75 1.096 0 0 0 0 0 7 2 0 22 -20 0 0.5 2 4 0
0 0 0.1 102 0.806 0 0 0 0 0 7 2 0 22 -20 0 0.5 2 4 0
0 0 0.1 105 0.817 0 0 0 0 0 7 2 0 22 -20 0 0.5 2 4 0
0 0 0.1 90 0.913 0 0 0 0 0 7 2 0 22 -20 0 0.5 2 4 0
0 0 0.1 81 0.817 0 0 0 0 0 7 2 0 22 -20 0 0.5 2 4 0
0 0 0.1 87 1.053 0 0 0 0 0 7 2 0 22 -20 0 0.5 2 4 0
0 0 0.1 93 1.102 0 0 0 0 5 6 3 0 22 -20 0 0.5 9 4 0
0 0 0.1 105 0.821 0 0 0 0 0 6 3 1 22 -20 0 0.5 3 4 0
0 0 0.1 81 1.052 0 0 0 0 5 6 3 0 22 -20 0 0.5 9 4 0
0 0 0.1 87 0.943 0 0 0 0 0 6 3 1 22 -20 0 0.5 3 4 0
0 0 0.1 84 1.124 0 0 0 0 5 6 3 0 22 -20 0 0.5 9 4 0
0 0 0.1 96 1.069 0 0 0 0 0 6 3 1 22 -20 0 0.5 3 4 0
0 0 0.1 90 0.809 0 0 0 0 5 6 3 0 22 -20 0 0.5 9 4 0
0 0 0.1 75 1.076 0 0 0 0 0 6 3 1 22 -20 0 0.5 3 4 0
0 0 0.1 102 1.155 0 0 0 0 5 6 3 0 22 -20 0 0.5 9 4 0
0 0 0.1 78 1.015 0 0 0 0 0 6 3 1 22 -20 0 0.5 3 4 0
0 0 0.1 105 1.169 0 0 0 0 0 7 2 0 0 0 0 1 2 6 0
0 0 0.1 87 0.892 0 0 0 0 0 7 2 0 0 0 0 1 2 6 0
0 0 0.1 102 1.172 0 0 0 0 0 7 2 0 0 0 0 1 2 6 0
0 0 0.1 93 1.172 0 0 0 0 0 7 2 0 0 0 0 1 2 6 0
0 0 0.1 75 1.009 0 0 0 0 0 7 2 0 0 0 0 1 2 6 0
0 0 0.1 78 1.197 0 0 0 0 0 7 2 0 0 0 0 1 2 6 0
0 0 0.1 81 0.826 0 0 0 0 0 7 2 0 0 0 0 1 2 6 0
0 0 0.1 81 1.146 0 0 0 0 0 7 2 0 0 0 0 1 2 6 0
0 0 0.1 93 0.993 0 0 0 0 0 7 2 0 0 0 0 1 2 6 0
0 0 0.1 87 1.015 0 0 0 0 0 7 2 0 0 0 0 1 2 6 0
0 0 0.1 84 0.967 0 0 0 0 0 7 2 0 0 0 0 1 2 6 0
0 0 0.1 81 0.892 0 0 0 0 0 7 2 0 0 0 0 1 2 6 0
0 0 0.1 90 1.193 0 0 0 0 0 7 2 0 0 0 0 1 2 6 0
0 0 0.1 84 1.063 0 0 0 0 0 7 2 0 0 0 0 1 2 6 0
0 0 0.1 78 1.033 0 0 0 0 0 7 2 0 0 0 0 1 2 6 0
0 0 0.1 81 0.857 0 0 0 0 0 7 2 0 0 0 0 1 2 6 0
0 0 0.1 99 1.08 0 0 0 0 0 7 2 0 0 0 0 1 2 6 0
0 0 0.1 105 1.1 0 0 0 0 0 7 2 0 0 0 0 1 2 6 0
0 0 0.1 102 1.182 0 0 0 0 0 7 2 0 0 0 0 1 2 6 0
0 0 0.1 90 0.853 0 0 0 0 0 7 2 0 0 0 0 1 2 6 0
0 0 0.1 87 1.06 0 0 0 0 0 7 2 0 0 0 0 1 2 6 0
0 0 0.1 84 1.084 0 0 0 0 0 7 2 0 0 0 0 1 2 6 0
0 0 0.1 75 0.84 0 0 0 0 0 7 2 0 0 0 0 1 2 6 0
0 0 0.1 84 0.828 0 0 0 0 0 7 2 0 0 0 0 1 2 6 0
0 0 0.1 99 0.913 0 0 0 0 0 7 2 0 0 0 0 1 2 6 0
0 0 0.1 96 1.095 0 0 0 0 0 7 2 0 0 0 0 1 2 6 0
0 0 0.1 99 1.185 0 0 0 0 0 7 2 0 0 0 0 1 2 6 0
0 0 0.1 87 1.126 0 0 0 0 0 7 2 0 0 0 0 1 2 6 0
0 0 0.1 81 0.967 0 0 0 0 0 7 2 0 0 0 0 1 2 6 0
0 0 0.1 96 0.982 0 0 0 0 0 7 2 0 0 0 0 1 2 6 0
0 0 0.1 93 0.945 0 0 0 0 0 6 2 0 0 0 0 1 2 6 0
0 0 0.1 81 0.818 0 0 0 0 0 6 2 0 0 0 0 1 2 6 0
0 0 0.1 84 1.089 0 0 0 0 0 6 2 0 0 0 0 1 2 6 0
0 0 0.1 87 1.152 0 0 0 0 0 6 2 0 0 0 0 1 2 6 0
0 0 0.1 87 1.138 0 0 0 0 0 6 2 0 0 0 0 1 2 6 0
0 0 0.1 90 0.823 0 0 0 0 7 6 2 0 0 0 0 1 2 6 0
0 0 0.1 93 0.997 0 0 0 0 7 6 2 0 0 0 0 1 2 6 0
0 0 0.1 87 1.072 0 0 0 0 7 6 2 0 0 0 0 1 2 6 0
0 0 0.1 93 0.874 0 0 0 0 7 6 2 0 0 0 0 1 2 6 0
0 0 0.1 90 0.921 0 0 0 0 7 6 2 0 0 0 0 1 2 6 0
0 0 0.1 90 1.128 0 0 0 0 7 6 2 0 0 0 0 1 2 6 0
0 0 0.1 90 1.166 0 0 0 0 7 6 2 0 0 0 0 1 2 6 0
0 0 0.1 84 1.151 0 0 0 0 7 6 2 0 0 0 0 1 2 6 0
0 0 0.1 93 1.154 0 0 0 0 7 6 2 0 0 0 0 1 2 6 0
0 0 0.1 90 0.93 0 0 0 0 7 6 2 0 0 0 0 1 2 6 0
0 0 0.1 93 0.925 0 0 0 0 0 6 3 0 0 0 0 1 2 6 0
0 0 0.1 90 1.13 0 0 0 0 0 6 3 0 0 0 0 1 2 6 0
0 0 0.1 87 0.803 0 0 0 0 0 6 3 0 0 0 0 1 2 6 0
0 0 0.1 96 0.808 0 0 0 0 0 6 3 0 0 0 0 1 2 6 0
0 0 0.1 96 0.815 0 0 0 0 0 6 3 0 0 0 0 1 2 6 0
0 0 0.1 93 0.819 0 0 0 0 0 6 3 0 0 0 0 1 2 6 0
0 0 0.1 96 1.191 0 0 0 0 0 6 3 0 0 0 0 1 2 6 0
0 0 0.1 99 1.185 0 0 0 0 0 6 3 0 0 0 0 1 2 6 0
0 0 0.1 96 1.083 0 0 0 0 0 6 3 0 0 0 0 1 2 6 0
0 0 0.1 93 1.115 0 0 0 0 0 6 3 0 0 0 0 1 2 6 0
0 0 0.1 90 1.08 0 0 0 0 0 6 3 0 0 0 0 1 2 6 0
0 0 0.1 84 0.926 0 0 0 0 0 6 3 0 0 0 0 1 2 6 0
0 0 0.1 81 1.019 0 0 0 0 0 6 3 0 0 0 0 1 2 6 0
0 0 0.1 87 1.19 0 0 0 0 0 6 3 0 0 0 0 1 2 6 0
0 0 0.1 90 1.013 0 0 0 0 0 6 3 0 0 0 0 1 2 6 0
0 0 0.1 87 0.873 0 0 0 0 0 7 2 0 22 -20 0 0.5 2 4 1
0 0 0.1 90 0.945 0 0 0 0 0 7 2 0 22 -20 0 0.5 2 4 0
0 0 0.1 102 1.162 0 0 0 0 0 7 2 0 22 -20 0 0.5 2 4 0
0 0 0.1 96 0.958 0 0 0 0 0 7 2 0 22 -20 0 0.5 2 4 0
0 0 0.1 75 1.112 0 0 0 0 0 7 2 0 22 -20 0 0.5 2 4 0
0 0 0.1 105 0.914 0 0 0 0 0 7 2 0 22 -20 0 0.5 2 4 0
0 0 0.1 93 1.142 0 0 0 0 0 7 2 0 22 -20 0 0.5 2 4 0
0 0 0.1 84 0.869 0 0 0 0 0 7 2 0 22 -20 0 0.5 2 4 0
0 0 0.1 99 0.832 0 0 0 0 0 7 2 0 22 -20 0 0.5 2 4 0
0 0 0.1 81 0.917 0 0 0 0 0 7 2 0 22 -20 0 0.5 2 4 0
0 0 0.1 78 1.137 0 0 0 0 5 6 3 0 22 -20 0 0.5 9 4 0
0 0 0.1 105 1.179 0 0 0 0 0 6 3 1 22 -20 0 0.5 3 4 0
0 0 0.1 75 0.818 0 0 0 0 5 6 3 0 22 -20 0 0.5 9 4 0
0 0 0.1 81 1.104 0 0 0 0 0 6 3 1 22 -20 0 0.5 3 4 0
0 0 0.1 90 0.919 0 0 0 0 5 6 3 0 22 -20 0 0.5 9 4 0
0 0 0.1 78 1.061 0 0 0 0 0 6 3 1 22 -20 0 0.5 3 4 0
0 0 0.1 99 0.834 0 0 0 0 5 6 3 0 22 -20 0 0.5 9 4 0
0 0 0.1 102 1.191 0 0 0 0 0 6 3 1 22 -20 0 0.5 3 4 0
0 0 0.1 93 0.806 0 0 0 0 5 6 3 0 22 -20 0 0.5 9 4 0
0 0 0.1 87 1.016 0 0 0 0 0 6 3 1 22 -20 0 0.5 3 4 0
0 0 0.1 84 1.187 0 0 0 0 0 7 2 0 22 -20 0 0.5 2 4 0
0 0 0.1 96 0.841 0 0 0 0 0 7 2 0 22 -20 0 0.5 2 4 0
0 0 0.1 105 0.903 0 0 0 0 0 7 2 0 22 -20 0 0.5 2 4 0
0 0 0.1 90 1.159 0 0 0 0 0 7 2 0 22 -20 0 0.5 2 4 0
0 0 0.1 99 0.956 0 0 0 0 0 7 2 0 22 -20 0 0.5 2 4 0
0 0 0.1 102 1.118 0 0 0 0 0 7 2 0 22 -20 0 0.5 2 4 0
0 0 0.1 87 0.94 0 0 0 0 0 7 2 0 22 -20 0 0.5 2 4 0
0 0 0.1 96 0.856 0 0 0 0 0 7 2 0 22 -20 0 0.5 2 4 0
0 0 0.1 81 1.061 0 0 0 0 0 7 2 0 22 -20 0 0.5 2 4 0
0 0 0.1 75 1.018 0 0 0 0 0 7 2 0 22 -20 0 0.5 2 4 0
0 0 0.1 93 1.179 0 0 0 0 5 6 3 0 22 -20 0 0.5 9 4 0
0 0 0.1 78 1.029 0 0 0 0 0 6 3 1 22 -20 0 0.5 3 4 0
0 0 0.1 84 1.182 0 0 0 0 5 6 3 0 22 -20 0 0.5 9 4 0
0 0 0.1 90 1.113 0 0 0 0 0 6 3 1 22 -20 0 0.5 3 4 0
0 0 0.1 78 0.848 0 0 0 0 5 6 3 0 22 -20 0 0.5 9 4 0
0 0 0.1 93 1.135 0 0 0 0 0 6 3 1 22 -20 0 0.5 3 4 0
0 0 0.1 102 0.835 0 0 0 0 5 6 3 0 22 -20 0 0.5 9 4 0
0 0 0.1 81 1.1 0 0 0 0 0 6 3 1 22 -20 0 0.5 3 4 0
0 0 0.1 84 0.827 0 0 0 0 5 6 3 0 22 -20 0 0.5 9 4 0
0 0 0.1 99 0.832 0 0 0 0 0 6 3 1 22 -20 0 0.5 3 4 0
0 0 0.1 75 0.843 0 0 0 0 0 7 2 0 22 -20 0 0.5 2 4 0
0 0 0.1 87 0.963 0 0 0 0 0 7 2 0 22 -20 0 0.5 2 4 0
0 0 0.1 96 1.19 0 0 0 0 0 7 2 0 22 -20 0 0.5 2 4 0
0 0 0.1 105 0.866 0 0 0 0 0 7 2 0 22 -20 0 0.5 2 4 0
0 0 0.1 75 1.002 0 0 0 0 0 7 2 0 22 -20 0 0.5 2 4 0
0 0 0.1 78 0.881 0 0 0 0 0 7 2 0 22 -20 0 0.5 2 4 0
0 0 0.1 96 0.88 0 0 0 0 0 7 2 0 22 -20 0 0.5 2 4 0
0 0 0.1 84 0.872 0 0 0 0 0 7 2 0 22 -20 0 0.5 2 4 0
0 0 0.1 87 0.91 0 0 0 0 0 7 2 0 22 -20 0 0.5 2 4 0
0 0 0.1 90 0.853 0 0 0 0 0 7 2 0 22 -20 0 0.5 2 4 0
0 0 0.1 93 1.144 0 0 0 0 5 6 3 0 22 -20 0 0.5 9 4 0
0 0 0.1 99 1.059 0 0 0 0 0 6 3 1 22 -20 0 0.5 3 4 0
0 0 0.1 102 1.042 0 0 0 0 5 6 3 0 22 -20 0 0.5 9 4 0
0 0 0.1 105 1.189 0 0 0 0 0 6 3 1 22 -20 0 0.5 3 4 0
0 0 0.1 81 0.951 0 0 0 0 5 6 3 0 22 -20 0 0.5 9 4 0
0 0 0.1 93 1.128 0 0 0 0 0 6 3 1 22 -20 0 0.5 3 4 0
0 0 0.1 78 0.891 0 0 0 0 5 6 3 0 22 -20 0 0.5 9 4 0
0 0 0.1 90 0.883 0 0 0 0 0 6 3 1 22 -20 0 0.5 3 4 0
0 0 0.1 105 0.878 0 0 0 0 5 6 3 0 22 -20 0 0.5 9 4 0
0 0 0.1 84 0.897 0 0 0 0 0 6 3 1 22 -20 0 0.5 3 4 0
0 0 0.1 96 1.192 0 0 0 0 0 7 2 0 22 -20 0 0.5 2 4 0
0 0 0.1 99 1.01 0 0 0 0 0 7 2 0 22 -20 0 0.5 2 4 0
0 0 0.1 87 1.131 0 0 0 0 0 7 2 0 22 -20 0 0.5 2 4 0
0 0 0.1 75 1.069 0 0 0 0 0 7 2 0 22 -20 0 0.5 2 4 0
0 0 0.1 102 1.192 0 0 0 0 0 7 2 0 22 -20 0 0.5 2 4 0
0 0 0.1 81 0.824 0 0 0 0 0 7 2 0 22 -20 0 0.5 2 4 0
0 0 0.1 78 0.935 0 0 0 0 0 7 2 0 22 -20 0 0.5 2 4 0
0 0 0.1 90 0.806 0 0 0 0 0 7 2 0 22 -20 0 0.5 2 4 0
0 0 0.1 102 0.946 0 0 0 0 0 7 2 0 22 -20 0 0.5 2 4 0
0 0 0.1 96 0.884 0 0 0 0 0 7 2 0 22 -20 0 0.5 2 4 0
0 0 0.1 81 0.861 0 0 0 0 5 6 3 0 22 -20 0 0.5 9 4 0
0 0 0.1 87 1.175 0 0 0 0 0 6 3 1 22 -20 0 0.5 3 4 0
0 0 0.1 93 0.961 0 0 0 0 5 6 3 0 22 -20 0 0.5 9 4 0
0 0 0.1 84 0.995 0 0 0 0 0 6 3 1 22 -20 0 0.5 3 4 0
0 0 0.1 105 1.073 0 0 0 0 5 6 3 0 22 -20 0 0.5 9 4 0
0 0 0.1 75 1.142 0 0 0 0 0 6 3 1 22 -20 0 0.5 3 4 0
0 0 0.1 99 1.166 0 0 0 0 5 6 3 0 22 -20 0 0.5 9 4 0
0 0 0.1 75 0.991 0 0 0 0 0 6 3 1 22 -20 0 0.5 3 4 0
0 0 0.1 87 1.086 0 0 0 0 5 6 3 0 22 -20 0 0.5 9 4 0
0 0 0.1 90 1.132 0 0 0 0 0 6 3 1 22 -20 0 0.5 3 4 0
0 0 0.1 105 1.071 0 0 0 0 0 7 2 0 22 -20 0 0.5 2 4 0
0 0 0.1 78 0.936 0 0 0 0 0 7 2 0 22 -20 0 0.5 2 4 0
0 0 0.1 96 1.157 0 0 0 0 0 7 2 0 22 -20 0 0.5 2 4 0
0 0 0.1 102 1.012 0 0 0 0 0 7 2 0 22 -20 0 0.5 2 4 0
0 0 0.1 84 1.15 0 0 0 0 0 7 2 0 22 -20 0 0.5 2 4 0
0 0 0.1 81 0.904 0 0 0 0 0 7 2 0 22 -20 0 0.5 2 4 0
0 0 0.1 93 1.017 0 0 0 0 0 7 2 0 22 -20 0 0.5 2 4 0
0 0 0.1 99 0.887 0 0 0 0 0 7 2 0 22 -20 0 0.5 2 4 0
0 0 0.1 75 0.887 0 0 0 0 0 7 2 0 22 -20 0 0.5 2 4 0
0 0 0.1 87 0.99 0 0 0 0 0 7 2 0 22 -20 0 0.5 2 4 0
0 0 0.1 99 1.158 0 0 0 0 5 6 3 0 22 -20 0 0.5 9 4 0
0 0 0.1 93 0.921 0 0 0 0 0 6 3 1 22 -20 0 0.5 3 4 0
0 0 0.1 78 1.023 0 0 0 0 5 6 3 0 22 -20 0 0.5 9 4 0
0 0 0.1 90 1.103 0 0 0 0 0 6 3 1 22 -20 0 0.5 3 4 0
0 0 0.1 102 1.183 0 0 0 0 5 6 3 0 22 -20 0 0.5 9 4 0
0 0 0.1 81 1.182 0 0 0 0 0 6 3 1 22 -20 0 0.5 3 4 0
0 0 0.1 105 0.934 0 0 0 0 5 6 3 0 22 -20 0 0.5 9 4 0
0 0 0.1 96 1.007 0 0 0 0 0 6 3 1 22 -20 0 0.5 3 4 0
0 0 0.1 84 0.86 0 0 0 0 5 6 3 0 22 -20 0 0.5 9 4 0
0 0 0.1 78 0.943 0 0 0 0 0 6 3 1 22 -20 0 0.5 3 4 0
0 0 0.1 99 1.082 0 0 0 0 0 7 2 0 22 -20 0 0.5 2 4 0
0 0 0.1 93 0.833 0 0 0 0 0 7 2 0 22 -20 0 0.5 2 4 0
0 0 0.1 84 0.901 0 0 0 0 0 7 2 0 22 -20 0 0.5 2 4 0
0 0 0.1 96 0.821 0 0 0 0 0 7 2 0 22 -20 0 0.5 2 4 0
0 0 0.1 75 1.096 0 0 0 0 0 7 2 0 22 -20 0 0.5 2 4 0
0 0 0.1 102 0.806 0 0 0 0 0 7 2 0 22 -20 0 0.5 2 4 0
0 0 0.1 105 0.817 0 0 0 0 0 7 2 0 22 -20 0 0.5 2 4 0
0 0 0.1 90 0.913 0 0 0 0 0 7 2 0 22 -20 0 0.5 2 4 0
0 0 0.1 81 0.817 0 0 0 0 0 7 2 0 22 -20 0 0.5 2 4 0
0 0 0.1 87 1.053 0 0 0 0 0 7 2 0 22 -20 0 0.5 2 4 0
0 0 0.1 93 1.102 0 0 0 0 5 6 3 0 22 -20 0 0.5 9 4 0
0 0 0.1 105 0.821 0 0 0 0 0 6 3 1 22 -20 0 0.5 3 4 0
0 0 0.1 81 1.052 0 0 0 0 5 6 3 0 22 -20 0 0.5 9 4 0
0 0 0.1 87 0.943 0 0 0 0 0 6 3 1 22 -20 0 0.5 3 4 0
0 0 0.1 84 1.124 0 0 0 0 5 6 3 0 22 -20 0 0.5 9 4 0
0 0 0.1 96 1.069 0 0 0 0 0 6 3 1 22 -20 0 0.5 3 4 0
0 0 0.1 90 0.809 0 0 0 0 5 6 3 0 22 -20 0 0.5 9 4 0
0 0 0.1 75 1.076 0 0 0 0 0 6 3 1 22 -20 0 0.5 3 4 0
0 0 0.1 102 1.155 0 0 0 0 5 6 3 0 22 -20 0 0.5 9 4 0
0 0 0.1 78 1.015 0 0 0 0 0 6 3 1 22 -20 0 0.5 3 4 0
0 0 0.1 105 1.169 0 0 0 0 0 7 2 0 0 0 0 1 2 6 0
0 0 0.1 87 0.892 0 0 0 0 0 7 2 0 0 0 0 1 2 6 0
0 0 0.1 102 1.172 0 0 0 0 0 7 2 0 0 0 0 1 2 6 0
0 0 0.1 93 1.172 0 0 0 0 0 7 2 0 0 0 0 1 2 6 0
0 0 0.1 75 1.009 0 0 0 0 0 7 2 0 0 0 0 1 2 6 0
0 0 0.1 78 1.197 0 0 0 0 0 7 2 0 0 0 0 1 2 6 0
0 0 0.1 81 0.826 0 0 0 0 0 7 2 0 0 0 0 1 2 6 0
0 0 0.1 81 1.146 0 0 0 0 0 7 2 0 0 0 0 1 2 6 0
0 0 0.1 93 0.993 0 0 0 0 0 7 2 0 0 0 0 1 2 6 0
0 0 0.1 87 1.015 0 0 0 0 0 7 2 0 0 0 0 1 2 6 0
0 0 0.1 84 0.967 0 0 0 0 0 7 2 0 0 0 0 1 2 6 0
0 0 0.1 81 0.892 0 0 0 0 0 7 2 0 0 0 0 1 2 6 0
0 0 0.1 90 1.193 0 0 0 0 0 7 2 0 0 0 0 1 2 6 0
0 0 0.1 84 1.063 0 0 0 0 0 7 2 0 0 0 0 1 2 6 0
0 0 0.1 78 1.033 0 0 0 0 0 7 2 0 0 0 0 1 2 6 0
0 0 0.1 81 0.857 0 0 0 0 0 7 2 0 0 0 0 1 2 6 0
0 0 0.1 99 1.08 0 0 0 0 0 7 2 0 0 0 0 1 2 6 0
0 0 0.1 105 1.1 0 0 0 0 0 7 2 0 0 0 0 1 2 6 0
0 0 0.1 102 1.182 0 0 0 0 0 7 2 0 0 0 0 1 2 6 0
0 0 0.1 90 0.853 0 0 0 0 0 7 2 0 0 0 0 1 2 6 0
0 0 0.1 87 1.06 0 0 0 0 0 7 2 0 0 0 0 1 2 6 0
0 0 0.1 84 1.084 0 0 0 0 0 7 2 0 0 0 0 1 2 6 0
0 0 0.1 75 0.84 0 0 0 0 0 7 2 0 0 0 0 1 2 6 0
0 0 0.1 84 0.828 0 0 0 0 0 7 2 0 0 0 0 1 2 6 0
0 0 0.1 99 0.913 0 0 0 0 0 7 2 0 0 0 0 1 2 6 0
0 0 0.1 96 1.095 0 0 0 0 0 7 2 0 0 0 0 1 2 6 0
0 0 0.1 99 1.185 0 0 0 0 0 7 2 0 0 0 0 1 2 6 0
0 0 0.1 87 1.126 0 0 0 0 0 7 2 0 0 0 0 1 2 6 0
0 0 0.1 81 0.967 0 0 0 0 0 7 2 0 0 0 0 1 2 6 0
0 0 0.1 96 0.982 0 0 0 0 0 7 2 0 0 0 0 1 2 6 0
0 0 0.1 93 0.945 0 0 0 0 0 6 2 0 0 0 0 1 2 6 0
0 0 0.1 81 0.818 0 0 0 0 0 6 2 0 0 0 0 1 2 6 0
0 0 0.1 84 1.089 0 0 0 0 0 6 2 0 0 0 0 1 2 6 0
0 0 0.1 87 1.152 0 0 0 0 0 6 2 0 0 0 0 1 2 6 0
0 0 0.1 87 1.138 0 0 0 0 0 6 2 0 0 0 0 1 2 6 0
0 0 0.1 90 0.823 0 0 0 0 7 6 2 0 0 0 0 1 2 6 0
0 0 0.1 93 0.997 0 0 0 0 7 6 2 0 0 0 0 1 2 6 0
0 0 0.1 87 1.072 0 0 0 0 7 6 2 0 0 0 0 1 2 6 0
0 0 0.1 93 0.874 0 0 0 0 7 6 2 0 0 0 0 1 2 6 0
0 0 0.1 90 0.921 0 0 0 0 7 6 2 0 0 0 0 1 2 6 0
0 0 0.1 90 1.128 0 0 0 0 7 6 2 0 0 0 0 1 2 6 0
0 0 0.1 90 1.166 0 0 0 0 7 6 2 0 0 0 0 1 2 6 0
0 0 0.1 84 1.151 0 0 0 0 7 6 2 0 0 0 0 1 2 6 0
0 0 0.1 93 1.154 0 0 0 0 7 6 2 0 0 0 0 1 2 6 0
0 0 0.1 90 0.93 0 0 0 0 7 6 2 0 0 0 0 1 2 6 0
0 0 0.1 93 0.925 0 0 0 0 0 6 3 0 0 0 0 1 2 6 0
0 0 0.1 90 1.13 0 0 0 0 0 6 3 0 0 0 0 1 2 6 0
0 0 0.1 87 0.803 0 0 0 0 0 6 3 0 0 0 0 1 2 6 0
0 0 0.1 96 0.808 0 0 0 0 0 6 3 0 0 0 0 1 2 6 0
0 0 0.1 96 0.815 0 0 0 0 0 6 3 0 0 0 0 1 2 6 0
0 0 0.1 93 0.819 0 0 0 0 0 6 3 0 0 0 0 1 2 6 0
0 0 0.1 96 1.191 0 0 0 0 0 6 3 0 0 0 0 1 2 6 0
0 0 0.1 99 1.185 0 0 0 0 0 6 3 0 0 0 0 1 2 6 0
0 0 0.1 96 1.083 0 0 0 0 0 6 3 0 0 0 0 1 2 6 0
0 0 0.1 93 1.115 0 0 0 0 0 6 3 0 0 0 0 1 2 6 0
0 0 0.1 90 1.08 0 0 0 0 0 6 3 0 0 0 0 1 2 6 0
0 0 0.1 84 0.926 0 0 0 0 0 6 3 0 0 0 0 1 2 6 0
0 0 0.1 81 1.019 0 0 0 0 0 6 3 0 0 0 0 1 2 6 0
0 0 0.1 87 1.19 0 0 0 0 0 6 3 0 0 0 0 1 2 6 0
0 0 0.1 90 1.013 0 0 0 0 0 6 3 0 0 0 0 1 2 6 0
