0 0 0.1 102 0.915 0 0 0 0 0 7 2 0 0 0 0 1 2 6 0
0 0 0.1 78 1.041 0 0 0 0 0 7 2 0 0 0 0 1 2 6 0
0 0 0.1 96 1.137 0 0 0 0 0 7 2 0 0 0 0 1 2 6 0
0 0 0.1 81 1.049 0 0 0 0 0 7 2 0 0 0 0 1 2 6 0
0 0 0.1 87 0.854 0 0 0 0 0 7 2 0 0 0 0 1 2 6 0
0 0 0.1 93 1.028 0 0 0 0 0 7 2 0 0 0 0 1 2 6 0
0 0 0.1 84 0.978 0 0 0 0 0 7 2 0 0 0 0 1 2 6 0
0 0 0.1 102 0.976 0 0 0 0 0 7 2 0 0 0 0 1 2 6 0
0 0 0.1 78 1.05 0 0 0 0 0 7 2 0 0 0 0 1 2 6 0
0 0 0.1 75 1.174 0 0 0 0 0 7 2 0 0 0 0 1 2 6 0
0 0 0.1 87 1.094 0 0 0 0 7 6 2 0 1 -20 0 0.5 2 4 0
0 0 0.1 90 0.937 0 0 0 0 0 5 0 1 1 -20 0 0.5 3 4 0
0 0 0.1 102 1.191 0 0 0 0 7 6 2 0 1 -20 0 0.5 2 4 0
0 0 0.1 96 0.959 0 0 0 0 0 5 0 1 1 -20 0 0.5 3 4 0
0 0 0.1 75 0.952 0 0 0 0 7 6 2 0 1 -20 0 0.5 2 4 0
0 0 0.1 105 1.025 0 0 0 0 0 5 0 1 1 -20 0 0.5 3 4 0
0 0 0.1 93 0.986 0 0 0 0 7 6 2 0 1 -20 0 0.5 2 4 0
0 0 0.1 84 0.879 0 0 0 0 0 5 0 1 1 -20 0 0.5 3 4 0
0 0 0.1 99 0.971 0 0 0 0 7 6 2 0 1 -20 0 0.5 2 4 0
0 0 0.1 81 0.838 0 0 0 0 0 5 0 1 1 -20 0 0.5 3 4 0
0 0 0.1 78 0.847 0 0 0 0 7 6 2 0 1 -20 0 0.5 2 4 0
0 0 0.1 105 0.977 0 0 0 0 0 5 0 1 1 -20 0 0.5 3 4 0
0 0 0.1 75 0.881 0 0 0 0 7 6 2 0 1 -20 0 0.5 2 4 0
0 0 0.1 81 0.972 0 0 0 0 0 5 0 1 1 -20 0 0.5 3 4 0
0 0 0.1 90 1.193 0 0 0 0 7 6 2 0 1 -20 0 0.5 2 4 0
0 0 0.1 78 1.132 0 0 0 0 0 5 0 1 1 -20 0 0.5 3 4 0
0 0 0.1 99 0.915 0 0 0 0 7 6 2 0 1 -20 0 0.5 2 4 0
0 0 0.1 102 1.039 0 0 0 0 0 5 0 1 1 -20 0 0.5 3 4 0
0 0 0.1 93 1.16 0 0 0 0 7 6 2 0 1 -20 0 0.5 2 4 0
0 0 0.1 87 0.982 0 0 0 0 0 5 0 1 1 -20 0 0.5 3 4 0
0 0 0.1 84 0.859 0 0 0 0 7 6 2 0 1 -20 0 0.5 2 4 0
0 0 0.1 96 0.852 0 0 0 0 0 5 0 1 1 -20 0 0.5 3 4 0
0 0 0.1 105 0.81 0 0 0 0 7 6 2 0 1 -20 0 0.5 2 4 0
0 0 0.1 90 1.095 0 0 0 0 0 5 0 1 1 -20 0 0.5 3 4 0
0 0 0.1 99 0.95 0 0 0 0 7 6 2 0 1 -20 0 0.5 2 4 0
0 0 0.1 102 1.03 0 0 0 0 0 5 0 1 1 -20 0 0.5 3 4 0
0 0 0.1 87 1.131 0 0 0 0 7 6 2 0 1 -20 0 0.5 2 4 0
0 0 0.1 96 1.126 0 0 0 0 0 5 0 1 1 -20 0 0.5 3 4 0
0 0 0.1 81 1.15 0 0 0 0 7 6 2 0 1 -20 0 0.5 2 4 0
0 0 0.1 75 0.845 0 0 0 0 0 5 0 1 1 -20 0 0.5 3 4 0
0 0 0.1 93 1.182 0 0 0 0 7 6 2 0 1 -20 0 0.5 2 4 0
0 0 0.1 78 1.028 0 0 0 0 0 5 0 1 1 -20 0 0.5 3 4 0
0 0 0.1 84 0.815 0 0 0 0 7 6 2 0 1 -20 0 0.5 2 4 0
0 0 0.1 90 0.899 0 0 0 0 0 5 0 1 1 -20 0 0.5 3 4 0
0 0 0.1 78 1.192 0 0 0 0 7 6 2 0 1 -20 0 0.5 2 4 0
0 0 0.1 93 1.155 0 0 0 0 0 5 0 1 1 -20 0 0.5 3 4 0
0 0 0.1 102 0.897 0 0 0 0 7 6 2 0 1 -20 0 0.5 2 4 0
0 0 0.1 81 1.103 0 0 0 0 0 5 0 1 1 -20 0 0.5 3 4 0
0 0 0.1 84 1.026 0 0 0 0 7 6 2 0 1 -20 0 0.5 2 4 0
0 0 0.1 99 0.923 0 0 0 0 0 5 0 1 1 -20 0 0.5 3 4 0
0 0 0.1 75 1.078 0 0 0 0 0 6 2 0 1 -20 0 0.5 2 4 0
0 0 0.1 87 0.935 0 0 0 0 0 6 2 0 1 -20 0 0.5 2 4 0
0 0 0.1 96 0.883 0 0 0 0 0 6 2 0 1 -20 0 0.5 2 4 0
0 0 0.1 105 1.168 0 0 0 0 0 6 2 0 1 -20 0 0.5 2 4 0
0 0 0.1 75 0.81 0 0 0 0 0 6 2 0 1 -20 0 0.5 2 4 0
0 0 0.1 78 1.186 0 0 0 0 0 6 2 0 1 -20 0 0.5 2 4 0
0 0 0.1 96 0.927 0 0 0 0 0 6 2 0 1 -20 0 0.5 2 4 0
0 0 0.1 84 1.067 0 0 0 0 0 6 2 0 1 -20 0 0.5 2 4 0
0 0 0.1 87 1.014 0 0 0 0 0 6 2 0 1 -20 0 0.5 2 4 0
0 0 0.1 90 1.128 0 0 0 0 0 6 2 0 1 -20 0 0.5 2 4 0
0 0 0.1 93 0.875 0 0 0 0 0 6 2 0 1 -20 0 0.5 2 4 0
0 0 0.1 99 0.96 0 0 0 0 0 6 2 0 1 -20 0 0.5 2 4 0
0 0 0.1 102 0.872 0 0 0 0 0 6 2 0 1 -20 0 0.5 2 4 0
0 0 0.1 105 0.915 0 0 0 0 0 6 2 0 1 -20 0 0.5 2 4 0
0 0 0.1 81 1.052 0 0 0 0 0 6 2 0 1 -20 0 0.5 2 4 0
0 0 0.1 93 0.921 0 0 0 0 0 6 2 0 1 -20 0 0.5 2 4 0
0 0 0.1 78 0.978 0 0 0 0 0 6 2 0 1 -20 0 0.5 2 4 0
0 0 0.1 90 1.093 0 0 0 0 0 6 2 0 1 -20 0 0.5 2 4 0
0 0 0.1 105 1.068 0 0 0 0 0 6 2 0 1 -20 0 0.5 2 4 0
0 0 0.1 84 0.925 0 0 0 0 0 6 2 0 1 -20 0 0.5 2 4 0
0 0 0.1 96 0.992 0 0 0 0 0 6 2 0 1 -20 0 0.5 2 4 0
0 0 0.1 99 0.917 0 0 0 0 0 6 2 0 1 -20 0 0.5 2 4 0
0 0 0.1 87 0.873 0 0 0 0 0 6 2 0 1 -20 0 0.5 2 4 0
0 0 0.1 75 0.945 0 0 0 0 0 6 2 0 1 -20 0 0.5 2 4 0
0 0 0.1 102 1.162 0 0 0 0 0 6 2 0 1 -20 0 0.5 2 4 0
0 0 0.1 81 0.958 0 0 0 0 0 6 2 0 1 -20 0 0.5 2 4 0
0 0 0.1 78 1.112 0 0 0 0 0 6 2 0 1 -20 0 0.5 2 4 0
0 0 0.1 90 0.914 0 0 0 0 0 6 2 0 1 -20 0 0.5 2 4 0
0 0 0.1 102 1.142 0 0 0 0 0 6 2 0 1 -20 0 0.5 2 4 0
0 0 0.1 96 0.869 0 0 0 0 0 6 2 0 1 -20 0 0.5 2 4 0
0 0 0.1 105 0.928 0 0 0 0 0 7 2 0 0 0 0 1 2 6 0
0 0 0.1 78 0.834 0 0 0 0 0 7 2 0 0 0 0 1 2 6 0
0 0 0.1 96 1.127 0 0 0 0 0 7 2 0 0 0 0 1 2 6 0
0 0 0.1 81 1.16 0 0 0 0 0 7 2 0 0 0 0 1 2 6 0
0 0 0.1 93 1.187 0 0 0 0 0 7 2 0 0 0 0 1 2 6 0
0 0 0.1 87 1.03 0 0 0 0 0 7 2 0 0 0 0 1 2 6 0
0 0 0.1 99 1.089 0 0 0 0 0 7 2 0 0 0 0 1 2 6 0
0 0 0.1 84 1.11 0 0 0 0 0 7 2 0 0 0 0 1 2 6 0
0 0 0.1 84 1.052 0 0 0 0 0 7 2 0 0 0 0 1 2 6 0
0 0 0.1 90 1.09 0 0 0 0 0 7 2 0 0 0 0 1 2 6 0
0 0 0.1 99 0.955 0 0 0 0 0 7 2 0 0 0 0 1 2 6 0
0 0 0.1 81 0.866 0 0 0 0 0 7 2 0 0 0 0 1 2 6 0
0 0 0.1 102 0.875 0 0 0 0 0 7 2 0 0 0 0 1 2 6 0
0 0 0.1 84 0.957 0 0 0 0 0 7 2 0 0 0 0 1 2 6 0
0 0 0.1 81 0.91 0 0 0 0 0 7 2 0 0 0 0 1 2 6 0
0 0 0.1 87 0.877 0 0 0 0 7 6 2 0 0 0 0 1 2 6 0
0 0 0.1 99 1.002 0 0 0 0 7 6 2 0 0 0 0 1 2 6 0
0 0 0.1 93 1.106 0 0 0 0 7 6 2 0 0 0 0 1 2 6 0
0 0 0.1 93 1.078 0 0 0 0 7 6 2 0 0 0 0 1 2 6 0
0 0 0.1 96 1.018 0 0 0 0 7 6 2 0 0 0 0 1 2 6 0
0 0 0.1 102 1.064 0 0 0 0 7 6 2 0 0 0 0 1 2 6 0
0 0 0.1 87 0.988 0 0 0 0 7 6 2 0 0 0 0 1 2 6 0
0 0 0.1 90 0.993 0 0 0 0 7 6 2 0 0 0 0 1 2 6 0
0 0 0.1 90 0.935 0 0 0 0 7 6 2 0 0 0 0 1 2 6 0
0 0 0.1 96 0.97 0 0 0 0 7 6 2 0 0 0 0 1 2 6 0
0 0 0.1 102 0.915 0 0 0 0 0 7 2 0 0 0 0 1 2 6 1
0 0 0.1 78 1.041 0 0 0 0 0 7 2 0 0 0 0 1 2 6 0
0 0 0.1 96 1.137 0 0 0 0 0 7 2 0 0 0 0 1 2 6 0
0 0 0.1 81 1.049 0 0 0 0 0 7 2 0 0 0 0 1 2 6 0
0 0 0.1 87 0.854 0 0 0 0 0 7 2 0 0 0 0 1 2 6 0
0 0 0.1 93 1.028 0 0 0 0 0 7 2 0 0 0 0 1 2 6 0
0 0 0.1 84 0.978 0 0 0 0 0 7 2 0 0 0 0 1 2 6 0
0 0 0.1 102 0.976 0 0 0 0 0 7 2 0 0 0 0 1 2 6 0
0 0 0.1 78 1.05 0 0 0 0 0 7 2 0 0 0 0 1 2 6 0
0 0 0.1 75 1.174 0 0 0 0 0 7 2 0 0 0 0 1 2 6 0
0 0 0.1 87 1.094 0 0 0 0 7 6 2 0 1 -20 0 0.5 2 4 0
0 0 0.1 90 0.937 0 0 0 0 0 5 0 1 1 -20 0 0.5 3 4 0
0 0 0.1 102 1.191 0 0 0 0 7 6 2 0 1 -20 0 0.5 2 4 0
0 0 0.1 96 0.959 0 0 0 0 0 5 0 1 1 -20 0 0.5 3 4 0
0 0 0.1 75 0.952 0 0 0 0 7 6 2 0 1 -20 0 0.5 2 4 0
0 0 0.1 105 1.025 0 0 0 0 0 5 0 1 1 -20 0 0.5 3 4 0
0 0 0.1 93 0.986 0 0 0 0 7 6 2 0 1 -20 0 0.5 2 4 0
0 0 0.1 84 0.879 0 0 0 0 0 5 0 1 1 -20 0 0.5 3 4 0
0 0 0.1 99 0.971 0 0 0 0 7 6 2 0 1 -20 0 0.5 2 4 0
0 0 0.1 81 0.838 0 0 0 0 0 5 0 1 1 -20 0 0.5 3 4 0
0 0 0.1 78 0.847 0 0 0 0 7 6 2 0 1 -20 0 0.5 2 4 0
0 0 0.1 105 0.977 0 0 0 0 0 5 0 1 1 -20 0 0.5 3 4 0
0 0 0.1 75 0.881 0 0 0 0 7 6 2 0 1 -20 0 0.5 2 4 0
0 0 0.1 81 0.972 0 0 0 0 0 5 0 1 1 -20 0 0.5 3 4 0
0 0 0.1 90 1.193 0 0 0 0 7 6 2 0 1 -20 0 0.5 2 4 0
0 0 0.1 78 1.132 0 0 0 0 0 5 0 1 1 -20 0 0.5 3 4 0
0 0 0.1 99 0.915 0 0 0 0 7 6 2 0 1 -20 0 0.5 2 4 0
0 0 0.1 102 1.039 0 0 0 0 0 5 0 1 1 -20 0 0.5 3 4 0
0 0 0.1 93 1.16 0 0 0 0 7 6 2 0 1 -20 0 0.5 2 4 0
0 0 0.1 87 0.982 0 0 0 0 0 5 0 1 1 -20 0 0.5 3 4 0
0 0 0.1 84 0.859 0 0 0 0 7 6 2 0 1 -20 0 0.5 2 4 0
0 0 0.1 96 0.852 0 0 0 0 0 5 0 1 1 -20 0 0.5 3 4 0
0 0 0.1 105 0.81 0 0 0 0 7 6 2 0 1 -20 0 0.5 2 4 0
0 0 0.1 90 1.095 0 0 0 0 0 5 0 1 1 -20 0 0.5 3 4 0
0 0 0.1 99 0.95 0 0 0 0 7 6 2 0 1 -20 0 0.5 2 4 0
0 0 0.1 102 1.03 0 0 0 0 0 5 0 1 1 -20 0 0.5 3 4 0
0 0 0.1 87 1.131 0 0 0 0 7 6 2 0 1 -20 0 0.5 2 4 0
0 0 0.1 96 1.126 0 0 0 0 0 5 0 1 1 -20 0 0.5 3 4 0
0 0 0.1 81 1.15 0 0 0 0 7 6 2 0 1 -20 0 0.5 2 4 0
0 0 0.1 75 0.845 0 0 0 0 0 5 0 1 1 -20 0 0.5 3 4 0
0 0 0.1 93 1.182 0 0 0 0 7 6 2 0 1 -20 0 0.5 2 4 0
0 0 0.1 78 1.028 0 0 0 0 0 5 0 1 1 -20 0 0.5 3 4 0
0 0 0.1 84 0.815 0 0 0 0 7 6 2 0 1 -20 0 0.5 2 4 0
0 0 0.1 90 0.899 0 0 0 0 0 5 0 1 1 -20 0 0.5 3 4 0
0 0 0.1 78 1.192 0 0 0 0 7 6 2 0 1 -20 0 0.5 2 4 0
0 0 0.1 93 1.155 0 0 0 0 0 5 0 1 1 -20 0 0.5 3 4 0
0 0 0.1 102 0.897 0 0 0 0 7 6 2 0 1 -20 0 0.5 2 4 0
0 0 0.1 81 1.103 0 0 0 0 0 5 0 1 1 -20 0 0.5 3 4 0
0 0 0.1 84 1.026 0 0 0 0 7 6 2 0 1 -20 0 0.5 2 4 0
0 0 0.1 99 0.923 0 0 0 0 0 5 0 1 1 -20 0 0.5 3 4 0
0 0 0.1 75 1.078 0 0 0 0 0 6 2 0 1 -20 0 0.5 2 4 0
0 0 0.1 87 0.935 0 0 0 0 0 6 2 0 1 -20 0 0.5 2 4 0
0 0 0.1 96 0.883 0 0 0 0 0 6 2 0 1 -20 0 0.5 2 4 0
0 0 0.1 105 1.168 0 0 0 0 0 6 2 0 1 -20 0 0.5 2 4 0
0 0 0.1 75 0.81 0 0 0 0 0 6 2 0 1 -20 0 0.5 2 4 0
0 0 0.1 78 1.186 0 0 0 0 0 6 2 0 1 -20 0 0.5 2 4 0
0 0 0.1 96 0.927 0 0 0 0 0 6 2 0 1 -20 0 0.5 2 4 0
0 0 0.1 84 1.067 0 0 0 0 0 6 2 0 1 -20 0 0.5 2 4 0
0 0 0.1 87 1.014 0 0 0 0 0 6 2 0 1 -20 0 0.5 2 4 0
0 0 0.1 90 1.128 0 0 0 0 0 6 2 0 1 -20 0 0.5 2 4 0
0 0 0.1 93 0.875 0 0 0 0 0 6 2 0 1 -20 0 0.5 2 4 0
0 0 0.1 99 0.96 0 0 0 0 0 6 2 0 1 -20 0 0.5 2 4 0
0 0 0.1 102 0.872 0 0 0 0 0 6 2 0 1 -20 0 0.5 2 4 0
0 0 0.1 105 0.915 0 0 0 0 0 6 2 0 1 -20 0 0.5 2 4 0
0 0 0.1 81 1.052 0 0 0 0 0 6 2 0 1 -20 0 0.5 2 4 0
0 0 0.1 93 0.921 0 0 0 0 0 6 2 0 1 -20 0 0.5 2 4 0
0 0 0.1 78 0.978 0 0 0 0 0 6 2 0 1 -20 0 0.5 2 4 0
0 0 0.1 90 1.093 0 0 0 0 0 6 2 0 1 -20 0 0.5 2 4 0
0 0 0.1 105 1.068 0 0 0 0 0 6 2 0 1 -20 0 0.5 2 4 0
0 0 0.1 84 0.925 0 0 0 0 0 6 2 0 1 -20 0 0.5 2 4 0
0 0 0.1 96 0.992 0 0 0 0 0 6 2 0 1 -20 0 0.5 2 4 0
0 0 0.1 99 0.917 0 0 0 0 0 6 2 0 1 -20 0 0.5 2 4 0
0 0 0.1 87 0.873 0 0 0 0 0 6 2 0 1 -20 0 0.5 2 4 0
0 0 0.1 75 0.945 0 0 0 0 0 6 2 0 1 -20 0 0.5 2 4 0
0 0 0.1 102 1.162 0 0 0 0 0 6 2 0 1 -20 0 0.5 2 4 0
0 0 0.1 81 0.958 0 0 0 0 0 6 2 0 1 -20 0 0.5 2 4 0
0 0 0.1 78 1.112 0 0 0 0 0 6 2 0 1 -20 0 0.5 2 4 0
0 0 0.1 90 0.914 0 0 0 0 0 6 2 0 1 -20 0 0.5 2 4 0
0 0 0.1 102 1.142 0 0 0 0 0 6 2 0 1 -20 0 0.5 2 4 0
0 0 0.1 96 0.869 0 0 0 0 0 6 2 0 1 -20 0 0.5 2 4 0
0 0 0.1 105 0.928 0 0 0 0 0 7 2 0 0 0 0 1 2 6 0
0 0 0.1 78 0.834 0 0 0 0 0 7 2 0 0 0 0 1 2 6 0
0 0 0.1 96 1.127 0 0 0 0 0 7 2 0 0 0 0 1 2 6 0
0 0 0.1 81 1.16 0 0 0 0 0 7 2 0 0 0 0 1 2 6 0
0 0 0.1 93 1.187 0 0 0 0 0 7 2 0 0 0 0 1 2 6 0
0 0 0.1 87 1.03 0 0 0 0 0 7 2 0 0 0 0 1 2 6 0
0 0 0.1 99 1.089 0 0 0 0 0 7 2 0 0 0 0 1 2 6 0
0 0 0.1 84 1.11 0 0 0 0 0 7 2 0 0 0 0 1 2 6 0
0 0 0.1 84 1.052 0 0 0 0 0 7 2 0 0 0 0 1 2 6 0
0 0 0.1 90 1.09 0 0 0 0 0 7 2 0 0 0 0 1 2 6 0
0 0 0.1 99 0.955 0 0 0 0 0 7 2 0 0 0 0 1 2 6 0
0 0 0.1 81 0.866 0 0 0 0 0 7 2 0 0 0 0 1 2 6 0
0 0 0.1 102 0.875 0 0 0 0 0 7 2 0 0 0 0 1 2 6 0
0 0 0.1 84 0.957 0 0 0 0 0 7 2 0 0 0 0 1 2 6 0
0 0 0.1 81 0.91 0 0 0 0 0 7 2 0 0 0 0 1 2 6 0
0 0 0.1 87 0.877 0 0 0 0 7 6 2 0 0 0 0 1 2 6 0
0 0 0.1 99 1.002 0 0 0 0 7 6 2 0 0 0 0 1 2 6 0
0 0 0.1 93 1.106 0 0 0 0 7 6 2 0 0 0 0 1 2 6 0
0 0 0.1 93 1.078 0 0 0 0 7 6 2 0 0 0 0 1 2 6 0
0 0 0.1 96 1.018 0 0 0 0 7 6 2 0 0 0 0 1 2 6 0
0 0 0.1 102 1.064 0 0 0 0 7 6 2 0 0 0 0 1 2 6 0
0 0 0.1 87 0.988 0 0 0 0 7 6 2 0 0 0 0 1 2 6 0
0 0 0.1 90 0.993 0 0 0 0 7 6 2 0 0 0 0 1 2 6 0
0 0 0.1 90 0.935 0 0 0 0 7 6 2 0 0 0 0 1 2 6 0
0 0 0.1 96 0.97 0 0 0 0 7 6 2 0 0 0 0 1 2 6 0
0 0 0.1 102 0.915 0 0 0 0 0 7 2 0 0 0 0 1 2 6 1
0 0 0.1 78 1.041 0 0 0 0 0 7 2 0 0 0 0 1 2 6 0
0 0 0.1 96 1.137 0 0 0 0 0 7 2 0 0 0 0 1 2 6 0
0 0 0.1 81 1.049 0 0 0 0 0 7 2 0 0 0 0 1 2 6 0
0 0 0.1 87 0.854 0 0 0 0 0 7 2 0 0 0 0 1 2 6 0
0 0 0.1 93 1.028 0 0 0 0 0 7 2 0 0 0 0 1 2 6 0
0 0 0.1 84 0.978 0 0 0 0 0 7 2 0 0 0 0 1 2 6 0
0 0 0.1 102 0.976 0 0 0 0 0 7 2 0 0 0 0 1 2 6 0
0 0 0.1 78 1.05 0 0 0 0 0 7 2 0 0 0 0 1 2 6 0
0 0 0.1 75 1.174 0 0 0 0 0 7 2 0 0 0 0 1 2 6 0
0 0 0.1 87 1.094 0 0 0 0 7 6 2 0 1 -20 0 0.5 2 4 0
0 0 0.1 90 0.937 0 0 0 0 0 5 0 1 1 -20 0 0.5 3 4 0
0 0 0.1 102 1.191 0 0 0 0 7 6 2 0 1 -20 0 0.5 2 4 0
0 0 0.1 96 0.959 0 0 0 0 0 5 0 1 1 -20 0 0.5 3 4 0
0 0 0.1 75 0.952 0 0 0 0 7 6 2 0 1 -20 0 0.5 2 4 0
0 0 0.1 105 1.025 0 0 0 0 0 5 0 1 1 -20 0 0.5 3 4 0
0 0 0.1 93 0.986 0 0 0 0 7 6 2 0 1 -20 0 0.5 2 4 0
0 0 0.1 84 0.879 0 0 0 0 0 5 0 1 1 -20 0 0.5 3 4 0
0 0 0.1 99 0.971 0 0 0 0 7 6 2 0 1 -20 0 0.5 2 4 0
0 0 0.1 81 0.838 0 0 0 0 0 5 0 1 1 -20 0 0.5 3 4 0
0 0 0.1 78 0.847 0 0 0 0 7 6 2 0 1 -20 0 0.5 2 4 0
0 0 0.1 105 0.977 0 0 0 0 0 5 0 1 1 -20 0 0.5 3 4 0
0 0 0.1 75 0.881 0 0 0 0 7 6 2 0 1 -20 0 0.5 2 4 0
0 0 0.1 81 0.972 0 0 0 0 0 5 0 1 1 -20 0 0.5 3 4 0
0 0 0.1 90 1.193 0 0 0 0 7 6 2 0 1 -20 0 0.5 2 4 0
0 0 0.1 78 1.132 0 0 0 0 0 5 0 1 1 -20 0 0.5 3 4 0
0 0 0.1 99 0.915 0 0 0 0 7 6 2 0 1 -20 0 0.5 2 4 0
0 0 0.1 102 1.039 0 0 0 0 0 5 0 1 1 -20 0 0.5 3 4 0
0 0 0.1 93 1.16 0 0 0 0 7 6 2 0 1 -20 0 0.5 2 4 0
0 0 0.1 87 0.982 0 0 0 0 0 5 0 1 1 -20 0 0.5 3 4 0
0 0 0.1 84 0.859 0 0 0 0 7 6 2 0 1 -20 0 0.5 2 4 0
0 0 0.1 96 0.852 0 0 0 0 0 5 0 1 1 -20 0 0.5 3 4 0
0 0 0.1 105 0.81 0 0 0 0 7 6 2 0 1 -20 0 0.5 2 4 0
0 0 0.1 90 1.095 0 0 0 0 0 5 0 1 1 -20 0 0.5 3 4 0
0 0 0.1 99 0.95 0 0 0 0 7 6 2 0 1 -20 0 0.5 2 4 0
0 0 0.1 102 1.03 0 0 0 0 0 5 0 1 1 -20 0 0.5 3 4 0
0 0 0.1 87 1.131 0 0 0 0 7 6 2 0 1 -20 0 0.5 2 4 0
0 0 0.1 96 1.126 0 0 0 0 0 5 0 1 1 -20 0 0.5 3 4 0
0 0 0.1 81 1.15 0 0 0 0 7 6 2 0 1 -20 0 0.5 2 4 0
0 0 0.1 75 0.845 0 0 0 0 0 5 0 1 1 -20 0 0.5 3 4 0
0 0 0.1 93 1.182 0 0 0 0 7 6 2 0 1 -20 0 0.5 2 4 0
0 0 0.1 78 1.028 0 0 0 0 0 5 0 1 1 -20 0 0.5 3 4 0
0 0 0.1 84 0.815 0 0 0 0 7 6 2 0 1 -20 0 0.5 2 4 0
0 0 0.1 90 0.899 0 0 0 0 0 5 0 1 1 -20 0 0.5 3 4 0
0 0 0.1 78 1.192 0 0 0 0 7 6 2 0 1 -20 0 0.5 2 4 0
0 0 0.1 93 1.155 0 0 0 0 0 5 0 1 1 -20 0 0.5 3 4 0
0 0 0.1 102 0.897 0 0 0 0 7 6 2 0 1 -20 0 0.5 2 4 0
0 0 0.1 81 1.103 0 0 0 0 0 5 0 1 1 -20 0 0.5 3 4 0
0 0 0.1 84 1.026 0 0 0 0 7 6 2 0 1 -20 0 0.5 2 4 0
0 0 0.1 99 0.923 0 0 0 0 0 5 0 1 1 -20 0 0.5 3 4 0
0 0 0.1 75 1.078 0 0 0 0 0 6 2 0 1 -20 0 0.5 2 4 0
0 0 0.1 87 0.935 0 0 0 0 0 6 2 0 1 -20 0 0.5 2 4 0
0 0 0.1 96 0.883 0 0 0 0 0 6 2 0 1 -20 0 0.5 2 4 0
0 0 0.1 105 1.168 0 0 0 0 0 6 2 0 1 -20 0 0.5 2 4 0
0 0 0.1 75 0.81 0 0 0 0 0 6 2 0 1 -20 0 0.5 2 4 0
0 0 0.1 78 1.186 0 0 0 0 0 6 2 0 1 -20 0 0.5 2 4 0
0 0 0.1 96 0.927 0 0 0 0 0 6 2 0 1 -20 0 0.5 2 4 0
0 0 0.1 84 1.067 0 0 0 0 0 6 2 0 1 -20 0 0.5 2 4 0
0 0 0.1 87 1.014 0 0 0 0 0 6 2 0 1 -20 0 0.5 2 4 0
0 0 0.1 90 1.128 0 0 0 0 0 6 2 0 1 -20 0 0.5 2 4 0
0 0 0.1 93 0.875 0 0 0 0 0 6 2 0 1 -20 0 0.5 2 4 0
0 0 0.1 99 0.96 0 0 0 0 0 6 2 0 1 -20 0 0.5 2 4 0
0 0 0.1 102 0.872 0 0 0 0 0 6 2 0 1 -20 0 0.5 2 4 0
0 0 0.1 105 0.915 0 0 0 0 0 6 2 0 1 -20 0 0.5 2 4 0
0 0 0.1 81 1.052 0 0 0 0 0 6 2 0 1 -20 0 0.5 2 4 0
0 0 0.1 93 0.921 0 0 0 0 0 6 2 0 1 -20 0 0.5 2 4 0
0 0 0.1 78 0.978 0 0 0 0 0 6 2 0 1 -20 0 0.5 2 4 0
0 0 0.1 90 1.093 0 0 0 0 0 6 2 0 1 -20 0 0.5 2 4 0
0 0 0.1 105 1.068 0 0 0 0 0 6 2 0 1 -20 0 0.5 2 4 0
0 0 0.1 84 0.925 0 0 0 0 0 6 2 0 1 -20 0 0.5 2 4 0
0 0 0.1 96 0.992 0 0 0 0 0 6 2 0 1 -20 0 0.5 2 4 0
0 0 0.1 99 0.917 0 0 0 0 0 6 2 0 1 -20 0 0.5 2 4 0
0 0 0.1 87 0.873 0 0 0 0 0 6 2 0 1 -20 0 0.5 2 4 0
0 0 0.1 75 0.945 0 0 0 0 0 6 2 0 1 -20 0 0.5 2 4 0
0 0 0.1 102 1.162 0 0 0 0 0 6 2 0 1 -20 0 0.5 2 4 0
0 0 0.1 81 0.958 0 0 0 0 0 6 2 0 1 -20 0 0.5 2 4 0
0 0 0.1 78 1.112 0 0 0 0 0 6 2 0 1 -20 0 0.5 2 4 0
0 0 0.1 90 0.914 0 0 0 0 0 6 2 0 1 -20 0 0.5 2 4 0
0 0 0.1 102 1.142 0 0 0 0 0 6 2 0 1 -20 0 0.5 2 4 0
0 0 0.1 96 0.869 0 0 0 0 0 6 2 0 1 -20 0 0.5 2 4 0
0 0 0.1 105 0.928 0 0 0 0 0 7 2 0 0 0 0 1 2 6 0
0 0 0.1 78 0.834 0 0 0 0 0 7 2 0 0 0 0 1 2 6 0
0 0 0.1 96 1.127 0 0 0 0 0 7 2 0 0 0 0 1 2 6 0
0 0 0.1 81 1.16 0 0 0 0 0 7 2 0 0 0 0 1 2 6 0
0 0 0.1 93 1.187 0 0 0 0 0 7 2 0 0 0 0 1 2 6 0
0 0 0.1 87 1.03 0 0 0 0 0 7 2 0 0 0 0 1 2 6 0
0 0 0.1 99 1.089 0 0 0 0 0 7 2 0 0 0 0 1 2 6 0
0 0 0.1 84 1.11 0 0 0 0 0 7 2 0 0 0 0 1 2 6 0
0 0 0.1 84 1.052 0 0 0 0 0 7 2 0 0 0 0 1 2 6 0
0 0 0.1 90 1.09 0 0 0 0 0 7 2 0 0 0 0 1 2 6 0
0 0 0.1 99 0.955 0 0 0 0 0 7 2 0 0 0 0 1 2 6 0
0 0 0.1 81 0.866 0 0 0 0 0 7 2 0 0 0 0 1 2 6 0
0 0 0.1 102 0.875 0 0 0 0 0 7 2 0 0 0 0 1 2 6 0
0 0 0.1 84 0.957 0 0 0 0 0 7 2 0 0 0 0 1 2 6 0
0 0 0.1 81 0.91 0 0 0 0 0 7 2 0 0 0 0 1 2 6 0
0 0 0.1 87 0.877 0 0 0 0 7 6 2 0 0 0 0 1 2 6 0
0 0 0.1 99 1.002 0 0 0 0 7 6 2 0 0 0 0 1 2 6 0
0 0 0.1 93 1.106 0 0 0 0 7 6 2 0 0 0 0 1 2 6 0
0 0 0.1 93 1.078 0 0 0 0 7 6 2 0 0 0 0 1 2 6 0
0 0 0.1 96 1.018 0 0 0 0 7 6 2 0 0 0 0 1 2 6 0
0 0 0.1 102 1.064 0 0 0 0 7 6 2 0 0 0 0 1 2 6 0
0 0 0.1 87 0.988 0 0 0 0 7 6 2 0 0 0 0 1 2 6 0
0 0 0.1 90 0.993 0 0 0 0 7 6 2 0 0 0 0 1 2 6 0
0 0 0.1 90 0.935 0 0 0 0 7 6 2 0 0 0 0 1 2 6 0
0 0 0.1 96 0.97 0 0 0 0 7 6 2 0 0 0 0 1 2 6 0
0 0 0.1 102 0.915 0 0 0 0 0 7 2 0 0 0 0 1 2 6 0
0 0 0.1 78 1.041 0 0 0 0 0 7 2 0 0 0 0 1 2 6 0
0 0 0.1 96 1.137 0 0 0 0 0 7 2 0 0 0 0 1 2 6 0
0 0 0.1 81 1.049 0 0 0 0 0 7 2 0 0 0 0 1 2 6 0
0 0 0.1 87 0.854 0 0 0 0 0 7 2 0 0 0 0 1 2 6 0
0 0 0.1 93 1.028 0 0 0 0 0 7 2 0 0 0 0 1 2 6 0
0 0 0.1 84 0.978 0 0 0 0 0 7 2 0 0 0 0 1 2 6 0
0 0 0.1 102 0.976 0 0 0 0 0 7 2 0 0 0 0 1 2 6 0
0 0 0.1 78 1.05 0 0 0 0 0 7 2 0 0 0 0 1 2 6 0
0 0 0.1 75 1.174 0 0 0 0 0 7 2 0 0 0 0 1 2 6 0
