0 0 0.1 81 0.861 0 0 0 0 0 6 3 0 21 -20 0 0.7 2 4 0
0 0 0.1 87 1.175 0 0 0 0 0 6 3 0 21 -20 0 0.7 2 4 0
0 0 0.1 93 0.961 0 0 0 0 0 6 3 0 21 -20 0 0.7 2 4 0
0 0 0.1 84 0.995 0 0 0 0 0 6 3 0 21 -20 0 0.7 2 4 0
0 0 0.1 105 1.073 0 0 0 0 0 6 3 0 21 -20 0 0.7 2 4 0
0 0 0.1 75 1.142 0 0 0 0 0 6 3 2 21 -20 0 0.7 3 4 0
0 0 0.1 99 1.166 0 0 0 0 0 6 3 2 21 -20 0 0.7 3 4 0
0 0 0.1 75 0.991 0 0 0 0 0 6 3 2 21 -20 0 0.7 3 4 0
0 0 0.1 87 1.086 0 0 0 0 0 6 3 2 21 -20 0 0.7 3 4 0
0 0 0.1 90 1.132 0 0 0 0 0 6 3 2 21 -20 0 0.7 3 4 0
0 0 0.1 105 1.071 0 0 0 0 0 7 2 0 21 -20 0 0.7 2 4 0
0 0 0.1 78 0.936 0 0 0 0 0 7 2 0 21 -20 0 0.7 2 4 0
0 0 0.1 96 1.157 0 0 0 0 0 7 2 0 21 -20 0 0.7 2 4 0
0 0 0.1 102 1.012 0 0 0 0 0 7 2 0 21 -20 0 0.7 2 4 0
0 0 0.1 84 1.15 0 0 0 0 0 7 2 0 21 -20 0 0.7 2 4 0
0 0 0.1 81 0.904 0 0 0 0 0 7 2 0 21 -20 0 0.7 5 4 0
0 0 0.1 93 1.017 0 0 0 0 0 7 2 0 21 -20 0 0.7 5 4 0
0 0 0.1 99 0.887 0 0 0 0 0 7 2 0 21 -20 0 0.7 5 4 0
0 0 0.1 75 0.887 0 0 0 0 0 7 2 0 21 -20 0 0.7 5 4 0
0 0 0.1 87 0.99 0 0 0 0 0 7 2 0 21 -20 0 0.7 5 4 0
0 0 0.1 99 1.158 0 0 0 0 0 6 3 0 21 -20 0 0.7 2 4 0
0 0 0.1 93 0.921 0 0 0 0 0 6 3 0 21 -20 0 0.7 2 4 0
0 0 0.1 78 1.023 0 0 0 0 0 6 3 0 21 -20 0 0.7 2 4 0
0 0 0.1 90 1.103 0 0 0 0 0 6 3 0 21 -20 0 0.7 2 4 0
0 0 0.1 102 1.183 0 0 0 0 0 6 3 0 21 -20 0 0.7 2 4 0
0 0 0.1 81 1.182 0 0 0 0 0 6 3 2 21 -20 0 0.7 3 4 0
0 0 0.1 105 0.934 0 0 0 0 0 6 3 2 21 -20 0 0.7 3 4 0
0 0 0.1 96 1.007 0 0 0 0 0 6 3 2 21 -20 0 0.7 3 4 0
0 0 0.1 84 0.86 0 0 0 0 0 6 3 2 21 -20 0 0.7 3 4 0
0 0 0.1 78 0.943 0 0 0 0 0 6 3 2 21 -20 0 0.7 3 4 0
0 0 0.1 99 1.082 0 0 0 0 0 7 2 0 21 -20 0 0.7 2 4 0
0 0 0.1 93 0.833 0 0 0 0 0 7 2 0 21 -20 0 0.7 2 4 0
0 0 0.1 84 0.901 0 0 0 0 0 7 2 0 21 -20 0 0.7 2 4 0
0 0 0.1 96 0.821 0 0 0 0 0 7 2 0 21 -20 0 0.7 2 4 0
0 0 0.1 75 1.096 0 0 0 0 0 7 2 0 21 -20 0 0.7 2 4 0
0 0 0.1 102 0.806 0 0 0 0 0 7 2 0 21 -20 0 0.7 5 4 0
0 0 0.1 105 0.817 0 0 0 0 0 7 2 0 21 -20 0 0.7 5 4 0
0 0 0.1 90 0.913 0 0 0 0 0 7 2 0 21 -20 0 0.7 5 4 0
0 0 0.1 81 0.817 0 0 0 0 0 7 2 0 21 -20 0 0.7 5 4 0
0 0 0.1 87 1.053 0 0 0 0 0 7 2 0 21 -20 0 0.7 5 4 0
0 0 0.1 93 1.102 0 0 0 0 0 6 3 0 21 -20 0 0.7 2 4 0
0 0 0.1 105 0.821 0 0 0 0 0 6 3 0 21 -20 0 0.7 2 4 0
0 0 0.1 81 1.052 0 0 0 0 0 6 3 0 21 -20 0 0.7 2 4 0
0 0 0.1 87 0.943 0 0 0 0 0 6 3 0 21 -20 0 0.7 2 4 0
0 0 0.1 84 1.124 0 0 0 0 0 6 3 0 21 -20 0 0.7 2 4 0
0 0 0.1 96 1.069 0 0 0 0 0 6 3 2 21 -20 0 0.7 3 4 0
0 0 0.1 90 0.809 0 0 0 0 0 6 3 2 21 -20 0 0.7 3 4 0
0 0 0.1 75 1.076 0 0 0 0 0 6 3 2 21 -20 0 0.7 3 4 0
0 0 0.1 102 1.155 0 0 0 0 0 6 3 2 21 -20 0 0.7 3 4 0
0 0 0.1 78 1.015 0 0 0 0 0 6 3 2 21 -20 0 0.7 3 4 0
