0 0 0.1 87 0.911 0 0 0 0 5 6 3 0 21 -20 0 0.7 2 4 0
0 0 0.1 90 1.125 0 0 0 0 5 6 3 0 21 -20 0 0.7 2 4 0
0 0 0.1 102 1.115 0 0 0 0 5 6 3 0 21 -20 0 0.7 2 4 0
0 0 0.1 96 1.196 0 0 0 0 5 6 3 0 21 -20 0 0.7 2 4 0
0 0 0.1 75 1.046 0 0 0 0 5 6 3 0 21 -20 0 0.7 2 4 0
0 0 0.1 105 1.085 0 0 0 0 0 6 0 1 21 -20 0 0.7 6 4 0
0 0 0.1 93 1.109 0 0 0 0 0 6 0 1 21 -20 0 0.7 6 4 0
0 0 0.1 84 1.155 0 0 0 0 0 6 0 1 21 -20 0 0.7 6 4 0
0 0 0.1 99 1.051 0 0 0 0 0 6 0 1 21 -20 0 0.7 6 4 0
0 0 0.1 81 0.905 0 0 0 0 0 6 0 1 21 -20 0 0.7 6 4 0
0 0 0.1 78 1.144 0 0 0 0 -5 6 3 0 21 -20 0 0.7 2 4 0
0 0 0.1 105 0.975 0 0 0 0 -5 6 3 0 21 -20 0 0.7 2 4 0
0 0 0.1 75 0.956 0 0 0 0 -5 6 3 0 21 -20 0 0.7 2 4 0
0 0 0.1 81 0.985 0 0 0 0 -5 6 3 0 21 -20 0 0.7 2 4 0
0 0 0.1 90 0.888 0 0 0 0 -5 6 3 0 21 -20 0 0.7 2 4 0
0 0 0.1 78 0.827 0 0 0 0 0 6 0 1 21 -20 0 0.7 6 4 0
0 0 0.1 99 0.911 0 0 0 0 0 6 0 1 21 -20 0 0.7 6 4 0
0 0 0.1 102 0.925 0 0 0 0 0 6 0 1 21 -20 0 0.7 6 4 0
0 0 0.1 93 0.817 0 0 0 0 0 6 0 1 21 -20 0 0.7 6 4 0
0 0 0.1 87 0.874 0 0 0 0 0 6 0 1 21 -20 0 0.7 6 4 0
0 0 0.1 84 0.874 0 0 0 0 5 6 3 0 21 -20 0 0.7 2 4 0
0 0 0.1 96 1.103 0 0 0 0 5 6 3 0 21 -20 0 0.7 2 4 0
0 0 0.1 105 0.916 0 0 0 0 5 6 3 0 21 -20 0 0.7 2 4 0
0 0 0.1 90 1.148 0 0 0 0 5 6 3 0 21 -20 0 0.7 2 4 0
0 0 0.1 99 0.962 0 0 0 0 5 6 3 0 21 -20 0 0.7 2 4 0
0 0 0.1 102 1.03 0 0 0 0 0 6 0 1 21 -20 0 0.7 6 4 0
0 0 0.1 87 0.941 0 0 0 0 0 6 0 1 21 -20 0 0.7 6 4 0
0 0 0.1 96 1.069 0 0 0 0 0 6 0 1 21 -20 0 0.7 6 4 0
0 0 0.1 81 0.811 0 0 0 0 0 6 0 1 21 -20 0 0.7 6 4 0
0 0 0.1 75 0.961 0 0 0 0 0 6 0 1 21 -20 0 0.7 6 4 0
0 0 0.1 93 0.88 0 0 0 0 -5 6 3 0 21 -20 0 0.7 2 4 0
0 0 0.1 78 1.143 0 0 0 0 -5 6 3 0 21 -20 0 0.7 2 4 0
0 0 0.1 84 1.189 0 0 0 0 -5 6 3 0 21 -20 0 0.7 2 4 0
0 0 0.1 90 0.93 0 0 0 0 -5 6 3 0 21 -20 0 0.7 2 4 0
0 0 0.1 78 1.094 0 0 0 0 -5 6 3 0 21 -20 0 0.7 2 4 0
0 0 0.1 93 0.937 0 0 0 0 0 6 0 1 21 -20 0 0.7 6 4 0
0 0 0.1 102 1.191 0 0 0 0 0 6 0 1 21 -20 0 0.7 6 4 0
0 0 0.1 81 0.959 0 0 0 0 0 6 0 1 21 -20 0 0.7 6 4 0
0 0 0.1 84 0.952 0 0 0 0 0 6 0 1 21 -20 0 0.7 6 4 0
0 0 0.1 99 1.025 0 0 0 0 0 6 0 1 21 -20 0 0.7 6 4 0
