0 0 0.1 102 0.971 0 0 0 0 0 7 2 0 99 0 0 0.5 2 4 0 0 3
0 0 0.1 90 0.838 0 0 0 0 0 7 2 0 99 0 0 0.5 2 4 0 0 3
0 0 0.1 84 0.847 0 0 0 0 0 7 2 0 99 0 0 0.5 2 4 0 0 3
0 0 0.1 96 0.977 0 0 0 0 0 7 2 0 99 0 0 0.5 2 4 0 0 3
0 0 0.1 78 0.881 0 0 0 0 0 7 2 0 99 0 0 0.5 2 4 0 0 3
0 0 0.1 78 0.972 0 0 0 0 0 7 2 0 99 0 0 0.5 2 4 0 0 3
0 0 0.1 102 1.193 0 0 0 0 0 7 2 0 99 0 0 0.5 2 4 0 0 3
0 0 0.1 96 1.132 0 0 0 0 0 7 2 0 99 0 0 0.5 2 4 0 0 3
0 0 0.1 84 0.915 0 0 0 0 0 7 2 0 99 0 0 0.5 2 4 0 0 3
0 0 0.1 90 1.039 0 0 0 0 0 7 2 0 99 0 0 0.5 2 4 0 0 3
0 0 0.1 84 1.16 0 0 0 0 5 6 3 0 99 0 0 0.5 9 4 0 1 3
0 0 0.1 84 0.982 0 0 0 0 0 6 0 0 99 0 0 0.5 3 4 0 0 3
0 0 0.1 102 0.859 0 0 0 0 5 6 3 0 99 0 0 0.5 9 4 0 1 3
0 0 0.1 102 0.852 0 0 0 0 0 6 0 0 99 0 0 0.5 3 4 0 0 3
0 0 0.1 90 0.81 0 0 0 0 5 6 3 0 99 0 0 0.5 9 4 0 1 3
0 0 0.1 90 1.095 0 0 0 0 0 6 0 0 99 0 0 0.5 3 4 0 0 3
0 0 0.1 96 0.95 0 0 0 0 5 6 3 0 99 0 0 0.5 9 4 0 1 3
0 0 0.1 96 1.03 0 0 0 0 0 6 0 0 99 0 0 0.5 3 4 0 0 3
0 0 0.1 78 1.131 0 0 0 0 5 6 3 0 99 0 0 0.5 9 4 0 1 3
0 0 0.1 78 1.126 0 0 0 0 0 6 0 0 99 0 0 0.5 3 4 0 0 3
0 0 0.1 78 1.15 0 0 0 0 0 7 2 0 99 0 0 0.5 2 4 0 0 1
0 0 0.1 84 0.845 0 0 0 0 0 7 2 0 99 0 0 0.5 2 4 0 0 1
0 0 0.1 102 1.182 0 0 0 0 0 7 2 0 99 0 0 0.5 2 4 0 0 1
0 0 0.1 96 1.028 0 0 0 0 0 7 2 0 99 0 0 0.5 2 4 0 0 1
0 0 0.1 90 0.815 0 0 0 0 0 7 2 0 99 0 0 0.5 2 4 0 0 1
0 0 0.1 90 0.899 0 0 0 0 0 7 2 0 99 0 0 0.5 2 4 0 0 1
0 0 0.1 84 1.192 0 0 0 0 0 7 2 0 99 0 0 0.5 2 4 0 0 1
0 0 0.1 78 1.155 0 0 0 0 0 7 2 0 99 0 0 0.5 2 4 0 0 1
0 0 0.1 96 0.897 0 0 0 0 0 7 2 0 99 0 0 0.5 2 4 0 0 1
0 0 0.1 102 1.103 0 0 0 0 0 7 2 0 99 0 0 0.5 2 4 0 0 1
0 0 0.1 90 1.026 0 0 0 0 5 6 3 0 99 0 0 0.5 9 4 0 1 1
0 0 0.1 90 0.923 0 0 0 0 0 6 0 0 99 0 0 0.5 3 4 0 0 1
0 0 0.1 96 1.078 0 0 0 0 5 6 3 0 99 0 0 0.5 9 4 0 1 1
0 0 0.1 96 0.935 0 0 0 0 0 6 0 0 99 0 0 0.5 3 4 0 0 1
0 0 0.1 84 0.883 0 0 0 0 5 6 3 0 99 0 0 0.5 9 4 0 1 1
0 0 0.1 84 1.168 0 0 0 0 0 6 0 0 99 0 0 0.5 3 4 0 0 1
0 0 0.1 78 0.81 0 0 0 0 5 6 3 0 99 0 0 0.5 9 4 0 1 1
0 0 0.1 78 1.186 0 0 0 0 0 6 0 0 99 0 0 0.5 3 4 0 0 1
0 0 0.1 102 0.927 0 0 0 0 5 6 3 0 99 0 0 0.5 9 4 0 1 1
0 0 0.1 102 1.067 0 0 0 0 0 6 0 0 99 0 0 0.5 3 4 0 0 1
0 0 0.1 84 1.014 0 0 0 0 0 7 2 0 99 0 0 0.5 2 4 0 0 2
0 0 0.1 90 1.128 0 0 0 0 0 7 2 0 99 0 0 0.5 2 4 0 0 2
0 0 0.1 96 0.875 0 0 0 0 0 7 2 0 99 0 0 0.5 2 4 0 0 2
0 0 0.1 78 0.96 0 0 0 0 0 7 2 0 99 0 0 0.5 2 4 0 0 2
0 0 0.1 102 0.872 0 0 0 0 0 7 2 0 99 0 0 0.5 2 4 0 0 2
0 0 0.1 78 0.915 0 0 0 0 0 7 2 0 99 0 0 0.5 2 4 0 0 2
0 0 0.1 102 1.052 0 0 0 0 0 7 2 0 99 0 0 0.5 2 4 0 0 2
0 0 0.1 90 0.921 0 0 0 0 0 7 2 0 99 0 0 0.5 2 4 0 0 2
0 0 0.1 96 0.978 0 0 0 0 0 7 2 0 99 0 0 0.5 2 4 0 0 2
0 0 0.1 84 1.093 0 0 0 0 0 7 2 0 99 0 0 0.5 2 4 0 0 2
0 0 0.1 102 1.068 0 0 0 0 5 6 3 0 99 0 0 0.5 9 4 0 1 2
0 0 0.1 102 0.925 0 0 0 0 0 6 0 0 99 0 0 0.5 3 4 0 0 2
0 0 0.1 84 0.992 0 0 0 0 5 6 3 0 99 0 0 0.5 9 4 0 1 2
0 0 0.1 84 0.917 0 0 0 0 0 6 0 0 99 0 0 0.5 3 4 0 0 2
0 0 0.1 96 0.873 0 0 0 0 5 6 3 0 99 0 0 0.5 9 4 0 1 2
0 0 0.1 96 0.945 0 0 0 0 0 6 0 0 99 0 0 0.5 3 4 0 0 2
0 0 0.1 78 1.162 0 0 0 0 5 6 3 0 99 0 0 0.5 9 4 0 1 2
0 0 0.1 78 0.958 0 0 0 0 0 6 0 0 99 0 0 0.5 3 4 0 0 2
0 0 0.1 90 1.112 0 0 0 0 5 6 3 0 99 0 0 0.5 9 4 0 1 2
0 0 0.1 90 0.914 0 0 0 0 0 6 0 0 99 0 0 0.5 3 4 0 0 2
0 0 0.1 84 1.142 0 0 0 0 0 7 2 0 99 0 0 0.5 2 4 0 0 4
0 0 0.1 102 0.869 0 0 0 0 0 7 2 0 99 0 0 0.5 2 4 0 0 4
0 0 0.1 90 0.832 0 0 0 0 0 7 2 0 99 0 0 0.5 2 4 0 0 4
0 0 0.1 96 0.917 0 0 0 0 0 7 2 0 99 0 0 0.5 2 4 0 0 4
0 0 0.1 78 1.137 0 0 0 0 0 7 2 0 99 0 0 0.5 2 4 0 0 4
0 0 0.1 96 1.179 0 0 0 0 0 7 2 0 99 0 0 0.5 2 4 0 0 4
0 0 0.1 102 0.818 0 0 0 0 0 7 2 0 99 0 0 0.5 2 4 0 0 4
0 0 0.1 78 1.104 0 0 0 0 0 7 2 0 99 0 0 0.5 2 4 0 0 4
0 0 0.1 84 0.919 0 0 0 0 0 7 2 0 99 0 0 0.5 2 4 0 0 4
0 0 0.1 90 1.061 0 0 0 0 0 7 2 0 99 0 0 0.5 2 4 0 0 4
0 0 0.1 84 0.834 0 0 0 0 5 6 3 0 99 0 0 0.5 9 4 0 1 4
0 0 0.1 84 1.191 0 0 0 0 0 6 0 0 99 0 0 0.5 3 4 0 0 4
0 0 0.1 90 0.806 0 0 0 0 5 6 3 0 99 0 0 0.5 9 4 0 1 4
0 0 0.1 90 1.016 0 0 0 0 0 6 0 0 99 0 0 0.5 3 4 0 0 4
0 0 0.1 102 1.187 0 0 0 0 5 6 3 0 99 0 0 0.5 9 4 0 1 4
0 0 0.1 102 0.841 0 0 0 0 0 6 0 0 99 0 0 0.5 3 4 0 0 4
0 0 0.1 96 0.903 0 0 0 0 5 6 3 0 99 0 0 0.5 9 4 0 1 4
0 0 0.1 96 1.159 0 0 0 0 0 6 0 0 99 0 0 0.5 3 4 0 0 4
0 0 0.1 78 0.956 0 0 0 0 5 6 3 0 99 0 0 0.5 9 4 0 1 4
0 0 0.1 78 1.118 0 0 0 0 0 6 0 0 99 0 0 0.5 3 4 0 0 4
0 0 0.1 102 0.971 0 0 0 0 0 7 2 0 99 0 0 0.5 2 4 1 0 4
0 0 0.1 90 0.838 0 0 0 0 0 7 2 0 99 0 0 0.5 2 4 0 0 4
0 0 0.1 84 0.847 0 0 0 0 0 7 2 0 99 0 0 0.5 2 4 0 0 4
0 0 0.1 96 0.977 0 0 0 0 0 7 2 0 99 0 0 0.5 2 4 0 0 4
0 0 0.1 78 0.881 0 0 0 0 0 7 2 0 99 0 0 0.5 2 4 0 0 4
0 0 0.1 78 0.972 0 0 0 0 0 7 2 0 99 0 0 0.5 2 4 0 0 4
0 0 0.1 102 1.193 0 0 0 0 0 7 2 0 99 0 0 0.5 2 4 0 0 4
0 0 0.1 96 1.132 0 0 0 0 0 7 2 0 99 0 0 0.5 2 4 0 0 4
0 0 0.1 84 0.915 0 0 0 0 0 7 2 0 99 0 0 0.5 2 4 0 0 4
0 0 0.1 90 1.039 0 0 0 0 0 7 2 0 99 0 0 0.5 2 4 0 0 4
0 0 0.1 96 1.16 0 0 0 0 5 6 3 0 99 0 0 0.5 9 4 0 1 4
0 0 0.1 96 0.982 0 0 0 0 0 6 0 0 99 0 0 0.5 3 4 0 0 4
0 0 0.1 102 0.859 0 0 0 0 5 6 3 0 99 0 0 0.5 9 4 0 1 4
0 0 0.1 102 0.852 0 0 0 0 0 6 0 0 99 0 0 0.5 3 4 0 0 4
0 0 0.1 90 0.81 0 0 0 0 5 6 3 0 99 0 0 0.5 9 4 0 1 4
0 0 0.1 90 1.095 0 0 0 0 0 6 0 0 99 0 0 0.5 3 4 0 0 4
0 0 0.1 78 0.95 0 0 0 0 5 6 3 0 99 0 0 0.5 9 4 0 1 4
0 0 0.1 78 1.03 0 0 0 0 0 6 0 0 99 0 0 0.5 3 4 0 0 4
0 0 0.1 84 1.131 0 0 0 0 5 6 3 0 99 0 0 0.5 9 4 0 1 4
0 0 0.1 84 1.126 0 0 0 0 0 6 0 0 99 0 0 0.5 3 4 0 0 4
0 0 0.1 78 1.15 0 0 0 0 0 7 2 0 99 0 0 0.5 2 4 0 0 2
0 0 0.1 84 0.845 0 0 0 0 0 7 2 0 99 0 0 0.5 2 4 0 0 2
0 0 0.1 102 1.182 0 0 0 0 0 7 2 0 99 0 0 0.5 2 4 0 0 2
0 0 0.1 96 1.028 0 0 0 0 0 7 2 0 99 0 0 0.5 2 4 0 0 2
0 0 0.1 90 0.815 0 0 0 0 0 7 2 0 99 0 0 0.5 2 4 0 0 2
0 0 0.1 90 0.899 0 0 0 0 0 7 2 0 99 0 0 0.5 2 4 0 0 2
0 0 0.1 84 1.192 0 0 0 0 0 7 2 0 99 0 0 0.5 2 4 0 0 2
0 0 0.1 78 1.155 0 0 0 0 0 7 2 0 99 0 0 0.5 2 4 0 0 2
0 0 0.1 96 0.897 0 0 0 0 0 7 2 0 99 0 0 0.5 2 4 0 0 2
0 0 0.1 102 1.103 0 0 0 0 0 7 2 0 99 0 0 0.5 2 4 0 0 2
0 0 0.1 96 1.026 0 0 0 0 5 6 3 0 99 0 0 0.5 9 4 0 1 2
0 0 0.1 96 0.923 0 0 0 0 0 6 0 0 99 0 0 0.5 3 4 0 0 2
0 0 0.1 90 1.078 0 0 0 0 5 6 3 0 99 0 0 0.5 9 4 0 1 2
0 0 0.1 90 0.935 0 0 0 0 0 6 0 0 99 0 0 0.5 3 4 0 0 2
0 0 0.1 78 0.883 0 0 0 0 5 6 3 0 99 0 0 0.5 9 4 0 1 2
0 0 0.1 78 1.168 0 0 0 0 0 6 0 0 99 0 0 0.5 3 4 0 0 2
0 0 0.1 102 0.81 0 0 0 0 5 6 3 0 99 0 0 0.5 9 4 0 1 2
0 0 0.1 102 1.186 0 0 0 0 0 6 0 0 99 0 0 0.5 3 4 0 0 2
0 0 0.1 84 0.927 0 0 0 0 5 6 3 0 99 0 0 0.5 9 4 0 1 2
0 0 0.1 84 1.067 0 0 0 0 0 6 0 0 99 0 0 0.5 3 4 0 0 2
0 0 0.1 84 1.014 0 0 0 0 0 7 2 0 99 0 0 0.5 2 4 0 0 3
0 0 0.1 90 1.128 0 0 0 0 0 7 2 0 99 0 0 0.5 2 4 0 0 3
0 0 0.1 96 0.875 0 0 0 0 0 7 2 0 99 0 0 0.5 2 4 0 0 3
0 0 0.1 78 0.96 0 0 0 0 0 7 2 0 99 0 0 0.5 2 4 0 0 3
0 0 0.1 102 0.872 0 0 0 0 0 7 2 0 99 0 0 0.5 2 4 0 0 3
0 0 0.1 78 0.915 0 0 0 0 0 7 2 0 99 0 0 0.5 2 4 0 0 3
0 0 0.1 102 1.052 0 0 0 0 0 7 2 0 99 0 0 0.5 2 4 0 0 3
0 0 0.1 90 0.921 0 0 0 0 0 7 2 0 99 0 0 0.5 2 4 0 0 3
0 0 0.1 96 0.978 0 0 0 0 0 7 2 0 99 0 0 0.5 2 4 0 0 3
0 0 0.1 84 1.093 0 0 0 0 0 7 2 0 99 0 0 0.5 2 4 0 0 3
0 0 0.1 90 1.068 0 0 0 0 5 6 3 0 99 0 0 0.5 9 4 0 1 3
0 0 0.1 90 0.925 0 0 0 0 0 6 0 0 99 0 0 0.5 3 4 0 0 3
0 0 0.1 78 0.992 0 0 0 0 5 6 3 0 99 0 0 0.5 9 4 0 1 3
0 0 0.1 78 0.917 0 0 0 0 0 6 0 0 99 0 0 0.5 3 4 0 0 3
0 0 0.1 84 0.873 0 0 0 0 5 6 3 0 99 0 0 0.5 9 4 0 1 3
0 0 0.1 84 0.945 0 0 0 0 0 6 0 0 99 0 0 0.5 3 4 0 0 3
0 0 0.1 102 1.162 0 0 0 0 5 6 3 0 99 0 0 0.5 9 4 0 1 3
0 0 0.1 102 0.958 0 0 0 0 0 6 0 0 99 0 0 0.5 3 4 0 0 3
0 0 0.1 96 1.112 0 0 0 0 5 6 3 0 99 0 0 0.5 9 4 0 1 3
0 0 0.1 96 0.914 0 0 0 0 0 6 0 0 99 0 0 0.5 3 4 0 0 3
0 0 0.1 84 1.142 0 0 0 0 0 7 2 0 99 0 0 0.5 2 4 0 0 1
0 0 0.1 102 0.869 0 0 0 0 0 7 2 0 99 0 0 0.5 2 4 0 0 1
0 0 0.1 90 0.832 0 0 0 0 0 7 2 0 99 0 0 0.5 2 4 0 0 1
0 0 0.1 96 0.917 0 0 0 0 0 7 2 0 99 0 0 0.5 2 4 0 0 1
0 0 0.1 78 1.137 0 0 0 0 0 7 2 0 99 0 0 0.5 2 4 0 0 1
0 0 0.1 96 1.179 0 0 0 0 0 7 2 0 99 0 0 0.5 2 4 0 0 1
0 0 0.1 102 0.818 0 0 0 0 0 7 2 0 99 0 0 0.5 2 4 0 0 1
0 0 0.1 78 1.104 0 0 0 0 0 7 2 0 99 0 0 0.5 2 4 0 0 1
0 0 0.1 84 0.919 0 0 0 0 0 7 2 0 99 0 0 0.5 2 4 0 0 1
0 0 0.1 90 1.061 0 0 0 0 0 7 2 0 99 0 0 0.5 2 4 0 0 1
0 0 0.1 102 0.834 0 0 0 0 5 6 3 0 99 0 0 0.5 9 4 0 1 1
0 0 0.1 102 1.191 0 0 0 0 0 6 0 0 99 0 0 0.5 3 4 0 0 1
0 0 0.1 78 0.806 0 0 0 0 5 6 3 0 99 0 0 0.5 9 4 0 1 1
0 0 0.1 78 1.016 0 0 0 0 0 6 0 0 99 0 0 0.5 3 4 0 0 1
0 0 0.1 84 1.187 0 0 0 0 5 6 3 0 99 0 0 0.5 9 4 0 1 1
0 0 0.1 84 0.841 0 0 0 0 0 6 0 0 99 0 0 0.5 3 4 0 0 1
0 0 0.1 90 0.903 0 0 0 0 5 6 3 0 99 0 0 0.5 9 4 0 1 1
0 0 0.1 90 1.159 0 0 0 0 0 6 0 0 99 0 0 0.5 3 4 0 0 1
0 0 0.1 96 0.956 0 0 0 0 5 6 3 0 99 0 0 0.5 9 4 0 1 1
0 0 0.1 96 1.118 0 0 0 0 0 6 0 0 99 0 0 0.5 3 4 0 0 1
0 0 0.1 102 0.971 0 0 0 0 0 7 2 0 99 0 0 0.5 2 4 1 0 4
0 0 0.1 90 0.838 0 0 0 0 0 7 2 0 99 0 0 0.5 2 4 0 0 4
0 0 0.1 84 0.847 0 0 0 0 0 7 2 0 99 0 0 0.5 2 4 0 0 4
0 0 0.1 96 0.977 0 0 0 0 0 7 2 0 99 0 0 0.5 2 4 0 0 4
0 0 0.1 78 0.881 0 0 0 0 0 7 2 0 99 0 0 0.5 2 4 0 0 4
0 0 0.1 78 0.972 0 0 0 0 0 7 2 0 99 0 0 0.5 2 4 0 0 4
0 0 0.1 102 1.193 0 0 0 0 0 7 2 0 99 0 0 0.5 2 4 0 0 4
0 0 0.1 96 1.132 0 0 0 0 0 7 2 0 99 0 0 0.5 2 4 0 0 4
0 0 0.1 84 0.915 0 0 0 0 0 7 2 0 99 0 0 0.5 2 4 0 0 4
0 0 0.1 90 1.039 0 0 0 0 0 7 2 0 99 0 0 0.5 2 4 0 0 4
0 0 0.1 84 1.16 0 0 0 0 5 6 3 0 99 0 0 0.5 9 4 0 1 4
0 0 0.1 84 0.982 0 0 0 0 0 6 0 0 99 0 0 0.5 3 4 0 0 4
0 0 0.1 90 0.859 0 0 0 0 5 6 3 0 99 0 0 0.5 9 4 0 1 4
0 0 0.1 90 0.852 0 0 0 0 0 6 0 0 99 0 0 0.5 3 4 0 0 4
0 0 0.1 102 0.81 0 0 0 0 5 6 3 0 99 0 0 0.5 9 4 0 1 4
0 0 0.1 102 1.095 0 0 0 0 0 6 0 0 99 0 0 0.5 3 4 0 0 4
0 0 0.1 96 0.95 0 0 0 0 5 6 3 0 99 0 0 0.5 9 4 0 1 4
0 0 0.1 96 1.03 0 0 0 0 0 6 0 0 99 0 0 0.5 3 4 0 0 4
0 0 0.1 78 1.131 0 0 0 0 5 6 3 0 99 0 0 0.5 9 4 0 1 4
0 0 0.1 78 1.126 0 0 0 0 0 6 0 0 99 0 0 0.5 3 4 0 0 4
0 0 0.1 78 1.15 0 0 0 0 0 7 2 0 99 0 0 0.5 2 4 0 0 1
0 0 0.1 84 0.845 0 0 0 0 0 7 2 0 99 0 0 0.5 2 4 0 0 1
0 0 0.1 102 1.182 0 0 0 0 0 7 2 0 99 0 0 0.5 2 4 0 0 1
0 0 0.1 96 1.028 0 0 0 0 0 7 2 0 99 0 0 0.5 2 4 0 0 1
0 0 0.1 90 0.815 0 0 0 0 0 7 2 0 99 0 0 0.5 2 4 0 0 1
0 0 0.1 90 0.899 0 0 0 0 0 7 2 0 99 0 0 0.5 2 4 0 0 1
0 0 0.1 84 1.192 0 0 0 0 0 7 2 0 99 0 0 0.5 2 4 0 0 1
0 0 0.1 78 1.155 0 0 0 0 0 7 2 0 99 0 0 0.5 2 4 0 0 1
0 0 0.1 96 0.897 0 0 0 0 0 7 2 0 99 0 0 0.5 2 4 0 0 1
0 0 0.1 102 1.103 0 0 0 0 0 7 2 0 99 0 0 0.5 2 4 0 0 1
0 0 0.1 90 1.026 0 0 0 0 5 6 3 0 99 0 0 0.5 9 4 0 1 1
0 0 0.1 90 0.923 0 0 0 0 0 6 0 0 99 0 0 0.5 3 4 0 0 1
0 0 0.1 96 1.078 0 0 0 0 5 6 3 0 99 0 0 0.5 9 4 0 1 1
0 0 0.1 96 0.935 0 0 0 0 0 6 0 0 99 0 0 0.5 3 4 0 0 1
0 0 0.1 84 0.883 0 0 0 0 5 6 3 0 99 0 0 0.5 9 4 0 1 1
0 0 0.1 84 1.168 0 0 0 0 0 6 0 0 99 0 0 0.5 3 4 0 0 1
0 0 0.1 78 0.81 0 0 0 0 5 6 3 0 99 0 0 0.5 9 4 0 1 1
0 0 0.1 78 1.186 0 0 0 0 0 6 0 0 99 0 0 0.5 3 4 0 0 1
0 0 0.1 102 0.927 0 0 0 0 5 6 3 0 99 0 0 0.5 9 4 0 1 1
0 0 0.1 102 1.067 0 0 0 0 0 6 0 0 99 0 0 0.5 3 4 0 0 1
0 0 0.1 84 1.014 0 0 0 0 0 7 2 0 99 0 0 0.5 2 4 0 0 3
0 0 0.1 90 1.128 0 0 0 0 0 7 2 0 99 0 0 0.5 2 4 0 0 3
0 0 0.1 96 0.875 0 0 0 0 0 7 2 0 99 0 0 0.5 2 4 0 0 3
0 0 0.1 78 0.96 0 0 0 0 0 7 2 0 99 0 0 0.5 2 4 0 0 3
0 0 0.1 102 0.872 0 0 0 0 0 7 2 0 99 0 0 0.5 2 4 0 0 3
0 0 0.1 78 0.915 0 0 0 0 0 7 2 0 99 0 0 0.5 2 4 0 0 3
0 0 0.1 102 1.052 0 0 0 0 0 7 2 0 99 0 0 0.5 2 4 0 0 3
0 0 0.1 90 0.921 0 0 0 0 0 7 2 0 99 0 0 0.5 2 4 0 0 3
0 0 0.1 96 0.978 0 0 0 0 0 7 2 0 99 0 0 0.5 2 4 0 0 3
0 0 0.1 84 1.093 0 0 0 0 0 7 2 0 99 0 0 0.5 2 4 0 0 3
0 0 0.1 84 1.068 0 0 0 0 5 6 3 0 99 0 0 0.5 9 4 0 1 3
0 0 0.1 84 0.925 0 0 0 0 0 6 0 0 99 0 0 0.5 3 4 0 0 3
0 0 0.1 102 0.992 0 0 0 0 5 6 3 0 99 0 0 0.5 9 4 0 1 3
0 0 0.1 102 0.917 0 0 0 0 0 6 0 0 99 0 0 0.5 3 4 0 0 3
0 0 0.1 90 0.873 0 0 0 0 5 6 3 0 99 0 0 0.5 9 4 0 1 3
0 0 0.1 90 0.945 0 0 0 0 0 6 0 0 99 0 0 0.5 3 4 0 0 3
0 0 0.1 96 1.162 0 0 0 0 5 6 3 0 99 0 0 0.5 9 4 0 1 3
0 0 0.1 96 0.958 0 0 0 0 0 6 0 0 99 0 0 0.5 3 4 0 0 3
0 0 0.1 78 1.112 0 0 0 0 5 6 3 0 99 0 0 0.5 9 4 0 1 3
0 0 0.1 78 0.914 0 0 0 0 0 6 0 0 99 0 0 0.5 3 4 0 0 3
0 0 0.1 84 1.142 0 0 0 0 0 7 2 0 99 0 0 0.5 2 4 0 0 2
0 0 0.1 102 0.869 0 0 0 0 0 7 2 0 99 0 0 0.5 2 4 0 0 2
0 0 0.1 90 0.832 0 0 0 0 0 7 2 0 99 0 0 0.5 2 4 0 0 2
0 0 0.1 96 0.917 0 0 0 0 0 7 2 0 99 0 0 0.5 2 4 0 0 2
0 0 0.1 78 1.137 0 0 0 0 0 7 2 0 99 0 0 0.5 2 4 0 0 2
0 0 0.1 96 1.179 0 0 0 0 0 7 2 0 99 0 0 0.5 2 4 0 0 2
0 0 0.1 102 0.818 0 0 0 0 0 7 2 0 99 0 0 0.5 2 4 0 0 2
0 0 0.1 78 1.104 0 0 0 0 0 7 2 0 99 0 0 0.5 2 4 0 0 2
0 0 0.1 84 0.919 0 0 0 0 0 7 2 0 99 0 0 0.5 2 4 0 0 2
0 0 0.1 90 1.061 0 0 0 0 0 7 2 0 99 0 0 0.5 2 4 0 0 2
0 0 0.1 102 0.834 0 0 0 0 5 6 3 0 99 0 0 0.5 9 4 0 1 2
0 0 0.1 102 1.191 0 0 0 0 0 6 0 0 99 0 0 0.5 3 4 0 0 2
0 0 0.1 84 0.806 0 0 0 0 5 6 3 0 99 0 0 0.5 9 4 0 1 2
0 0 0.1 84 1.016 0 0 0 0 0 6 0 0 99 0 0 0.5 3 4 0 0 2
0 0 0.1 96 1.187 0 0 0 0 5 6 3 0 99 0 0 0.5 9 4 0 1 2
0 0 0.1 96 0.841 0 0 0 0 0 6 0 0 99 0 0 0.5 3 4 0 0 2
0 0 0.1 78 0.903 0 0 0 0 5 6 3 0 99 0 0 0.5 9 4 0 1 2
0 0 0.1 78 1.159 0 0 0 0 0 6 0 0 99 0 0 0.5 3 4 0 0 2
0 0 0.1 90 0.956 0 0 0 0 5 6 3 0 99 0 0 0.5 9 4 0 1 2
0 0 0.1 90 1.118 0 0 0 0 0 6 0 0 99 0 0 0.5 3 4 0 0 2
0 0 0.1 102 0.971 0 0 0 0 0 7 2 0 99 0 0 0.5 2 4 1 0 4
0 0 0.1 90 0.838 0 0 0 0 0 7 2 0 99 0 0 0.5 2 4 0 0 4
0 0 0.1 84 0.847 0 0 0 0 0 7 2 0 99 0 0 0.5 2 4 0 0 4
0 0 0.1 96 0.977 0 0 0 0 0 7 2 0 99 0 0 0.5 2 4 0 0 4
0 0 0.1 78 0.881 0 0 0 0 0 7 2 0 99 0 0 0.5 2 4 0 0 4
0 0 0.1 78 0.972 0 0 0 0 0 7 2 0 99 0 0 0.5 2 4 0 0 4
0 0 0.1 102 1.193 0 0 0 0 0 7 2 0 99 0 0 0.5 2 4 0 0 4
0 0 0.1 96 1.132 0 0 0 0 0 7 2 0 99 0 0 0.5 2 4 0 0 4
0 0 0.1 84 0.915 0 0 0 0 0 7 2 0 99 0 0 0.5 2 4 0 0 4
0 0 0.1 90 1.039 0 0 0 0 0 7 2 0 99 0 0 0.5 2 4 0 0 4
0 0 0.1 96 1.16 0 0 0 0 5 6 3 0 99 0 0 0.5 9 4 0 1 4
0 0 0.1 96 0.982 0 0 0 0 0 6 0 0 99 0 0 0.5 3 4 0 0 4
0 0 0.1 102 0.859 0 0 0 0 5 6 3 0 99 0 0 0.5 9 4 0 1 4
0 0 0.1 102 0.852 0 0 0 0 0 6 0 0 99 0 0 0.5 3 4 0 0 4
0 0 0.1 90 0.81 0 0 0 0 5 6 3 0 99 0 0 0.5 9 4 0 1 4
0 0 0.1 90 1.095 0 0 0 0 0 6 0 0 99 0 0 0.5 3 4 0 0 4
0 0 0.1 78 0.95 0 0 0 0 5 6 3 0 99 0 0 0.5 9 4 0 1 4
0 0 0.1 78 1.03 0 0 0 0 0 6 0 0 99 0 0 0.5 3 4 0 0 4
0 0 0.1 84 1.131 0 0 0 0 5 6 3 0 99 0 0 0.5 9 4 0 1 4
0 0 0.1 84 1.126 0 0 0 0 0 6 0 0 99 0 0 0.5 3 4 0 0 4
0 0 0.1 78 1.15 0 0 0 0 0 7 2 0 99 0 0 0.5 2 4 0 0 3
0 0 0.1 84 0.845 0 0 0 0 0 7 2 0 99 0 0 0.5 2 4 0 0 3
0 0 0.1 102 1.182 0 0 0 0 0 7 2 0 99 0 0 0.5 2 4 0 0 3
0 0 0.1 96 1.028 0 0 0 0 0 7 2 0 99 0 0 0.5 2 4 0 0 3
0 0 0.1 90 0.815 0 0 0 0 0 7 2 0 99 0 0 0.5 2 4 0 0 3
0 0 0.1 90 0.899 0 0 0 0 0 7 2 0 99 0 0 0.5 2 4 0 0 3
0 0 0.1 84 1.192 0 0 0 0 0 7 2 0 99 0 0 0.5 2 4 0 0 3
0 0 0.1 78 1.155 0 0 0 0 0 7 2 0 99 0 0 0.5 2 4 0 0 3
0 0 0.1 96 0.897 0 0 0 0 0 7 2 0 99 0 0 0.5 2 4 0 0 3
0 0 0.1 102 1.103 0 0 0 0 0 7 2 0 99 0 0 0.5 2 4 0 0 3
0 0 0.1 90 1.026 0 0 0 0 5 6 3 0 99 0 0 0.5 9 4 0 1 3
0 0 0.1 90 0.923 0 0 0 0 0 6 0 0 99 0 0 0.5 3 4 0 0 3
0 0 0.1 78 1.078 0 0 0 0 5 6 3 0 99 0 0 0.5 9 4 0 1 3
0 0 0.1 78 0.935 0 0 0 0 0 6 0 0 99 0 0 0.5 3 4 0 0 3
0 0 0.1 84 0.883 0 0 0 0 5 6 3 0 99 0 0 0.5 9 4 0 1 3
0 0 0.1 84 1.168 0 0 0 0 0 6 0 0 99 0 0 0.5 3 4 0 0 3
0 0 0.1 102 0.81 0 0 0 0 5 6 3 0 99 0 0 0.5 9 4 0 1 3
0 0 0.1 102 1.186 0 0 0 0 0 6 0 0 99 0 0 0.5 3 4 0 0 3
0 0 0.1 96 0.927 0 0 0 0 5 6 3 0 99 0 0 0.5 9 4 0 1 3
0 0 0.1 96 1.067 0 0 0 0 0 6 0 0 99 0 0 0.5 3 4 0 0 3
0 0 0.1 84 1.014 0 0 0 0 0 7 2 0 99 0 0 0.5 2 4 0 0 1
0 0 0.1 90 1.128 0 0 0 0 0 7 2 0 99 0 0 0.5 2 4 0 0 1
0 0 0.1 96 0.875 0 0 0 0 0 7 2 0 99 0 0 0.5 2 4 0 0 1
0 0 0.1 78 0.96 0 0 0 0 0 7 2 0 99 0 0 0.5 2 4 0 0 1
0 0 0.1 102 0.872 0 0 0 0 0 7 2 0 99 0 0 0.5 2 4 0 0 1
0 0 0.1 78 0.915 0 0 0 0 0 7 2 0 99 0 0 0.5 2 4 0 0 1
0 0 0.1 102 1.052 0 0 0 0 0 7 2 0 99 0 0 0.5 2 4 0 0 1
0 0 0.1 90 0.921 0 0 0 0 0 7 2 0 99 0 0 0.5 2 4 0 0 1
0 0 0.1 96 0.978 0 0 0 0 0 7 2 0 99 0 0 0.5 2 4 0 0 1
0 0 0.1 84 1.093 0 0 0 0 0 7 2 0 99 0 0 0.5 2 4 0 0 1
0 0 0.1 102 1.068 0 0 0 0 5 6 3 0 99 0 0 0.5 9 4 0 1 1
0 0 0.1 102 0.925 0 0 0 0 0 6 0 0 99 0 0 0.5 3 4 0 0 1
0 0 0.1 78 0.992 0 0 0 0 5 6 3 0 99 0 0 0.5 9 4 0 1 1
0 0 0.1 78 0.917 0 0 0 0 0 6 0 0 99 0 0 0.5 3 4 0 0 1
0 0 0.1 84 0.873 0 0 0 0 5 6 3 0 99 0 0 0.5 9 4 0 1 1
0 0 0.1 84 0.945 0 0 0 0 0 6 0 0 99 0 0 0.5 3 4 0 0 1
0 0 0.1 90 1.162 0 0 0 0 5 6 3 0 99 0 0 0.5 9 4 0 1 1
0 0 0.1 90 0.958 0 0 0 0 0 6 0 0 99 0 0 0.5 3 4 0 0 1
0 0 0.1 96 1.112 0 0 0 0 5 6 3 0 99 0 0 0.5 9 4 0 1 1
0 0 0.1 96 0.914 0 0 0 0 0 6 0 0 99 0 0 0.5 3 4 0 0 1
0 0 0.1 84 1.142 0 0 0 0 0 7 2 0 99 0 0 0.5 2 4 0 0 2
0 0 0.1 102 0.869 0 0 0 0 0 7 2 0 99 0 0 0.5 2 4 0 0 2
0 0 0.1 90 0.832 0 0 0 0 0 7 2 0 99 0 0 0.5 2 4 0 0 2
0 0 0.1 96 0.917 0 0 0 0 0 7 2 0 99 0 0 0.5 2 4 0 0 2
0 0 0.1 78 1.137 0 0 0 0 0 7 2 0 99 0 0 0.5 2 4 0 0 2
0 0 0.1 96 1.179 0 0 0 0 0 7 2 0 99 0 0 0.5 2 4 0 0 2
0 0 0.1 102 0.818 0 0 0 0 0 7 2 0 99 0 0 0.5 2 4 0 0 2
0 0 0.1 78 1.104 0 0 0 0 0 7 2 0 99 0 0 0.5 2 4 0 0 2
0 0 0.1 84 0.919 0 0 0 0 0 7 2 0 99 0 0 0.5 2 4 0 0 2
0 0 0.1 90 1.061 0 0 0 0 0 7 2 0 99 0 0 0.5 2 4 0 0 2
0 0 0.1 96 0.834 0 0 0 0 5 6 3 0 99 0 0 0.5 9 4 0 1 2
0 0 0.1 96 1.191 0 0 0 0 0 6 0 0 99 0 0 0.5 3 4 0 0 2
0 0 0.1 90 0.806 0 0 0 0 5 6 3 0 99 0 0 0.5 9 4 0 1 2
0 0 0.1 90 1.016 0 0 0 0 0 6 0 0 99 0 0 0.5 3 4 0 0 2
0 0 0.1 78 1.187 0 0 0 0 5 6 3 0 99 0 0 0.5 9 4 0 1 2
0 0 0.1 78 0.841 0 0 0 0 0 6 0 0 99 0 0 0.5 3 4 0 0 2
0 0 0.1 102 0.903 0 0 0 0 5 6 3 0 99 0 0 0.5 9 4 0 1 2
0 0 0.1 102 1.159 0 0 0 0 0 6 0 0 99 0 0 0.5 3 4 0 0 2
0 0 0.1 84 0.956 0 0 0 0 5 6 3 0 99 0 0 0.5 9 4 0 1 2
0 0 0.1 84 1.118 0 0 0 0 0 6 0 0 99 0 0 0.5 3 4 0 0 2
