0 0 0.1 78 1.061 0 0 0 0 0 7 2 0 21 -20 0 0.7 2 4 0
0 0 0.1 90 1.018 0 0 0 0 0 7 2 0 21 -20 0 0.7 2 4 0
0 0 0.1 105 1.179 0 0 0 0 0 7 2 0 21 -20 0 0.7 2 4 0
0 0 0.1 84 1.029 0 0 0 0 0 7 2 0 21 -20 0 0.7 2 4 0
0 0 0.1 96 1.182 0 0 0 0 0 7 2 0 21 -20 0 0.7 2 4 0
0 0 0.1 99 1.113 0 0 0 0 0 7 2 0 21 -20 0 0.7 5 4 0
0 0 0.1 87 0.848 0 0 0 0 0 7 2 0 21 -20 0 0.7 5 4 0
0 0 0.1 75 1.135 0 0 0 0 0 7 2 0 21 -20 0 0.7 5 4 0
0 0 0.1 102 0.835 0 0 0 0 0 7 2 0 21 -20 0 0.7 5 4 0
0 0 0.1 81 1.1 0 0 0 0 0 7 2 0 21 -20 0 0.7 5 4 0
0 0 0.1 78 0.827 0 0 0 0 0 6 3 0 21 -20 0 0.7 2 4 0
0 0 0.1 90 0.832 0 0 0 0 0 6 3 2 21 -20 0 0.7 3 4 0
0 0 0.1 102 0.843 0 0 0 0 0 6 3 2 21 -20 0 0.7 3 4 0
0 0 0.1 96 0.963 0 0 0 0 0 6 3 2 21 -20 0 0.7 3 4 0
0 0 0.1 81 1.19 0 0 0 0 0 7 2 0 21 -20 0 0.7 2 4 0
0 0 0.1 87 0.866 0 0 0 0 0 7 2 0 21 -20 0 0.7 2 4 0
0 0 0.1 93 1.002 0 0 0 0 0 7 2 0 21 -20 0 0.7 2 4 0
0 0 0.1 84 0.881 0 0 0 0 0 7 2 0 21 -20 0 0.7 2 4 0
0 0 0.1 105 0.88 0 0 0 0 0 7 2 0 21 -20 0 0.7 2 4 0
0 0 0.1 75 0.872 0 0 0 0 0 7 2 0 21 -20 0 0.7 5 4 0
0 0 0.1 99 0.91 0 0 0 0 0 7 2 0 21 -20 0 0.7 5 4 0
0 0 0.1 75 0.853 0 0 0 0 0 7 2 0 21 -20 0 0.7 5 4 0
0 0 0.1 87 1.144 0 0 0 0 0 7 2 0 21 -20 0 0.7 5 4 0
0 0 0.1 90 1.059 0 0 0 0 0 7 2 0 21 -20 0 0.7 5 4 0
0 0 0.1 105 1.042 0 0 0 0 0 6 3 0 21 -20 0 0.7 2 4 0
0 0 0.1 78 1.189 0 0 0 0 0 6 3 2 21 -20 0 0.7 3 4 0
0 0 0.1 96 0.951 0 0 0 0 0 6 3 2 21 -20 0 0.7 3 4 0
0 0 0.1 102 1.128 0 0 0 0 0 6 3 2 21 -20 0 0.7 3 4 0
0 0 0.1 84 0.891 0 0 0 0 0 7 2 0 21 -20 0 0.7 2 4 0
0 0 0.1 81 0.883 0 0 0 0 0 7 2 0 21 -20 0 0.7 2 4 0
0 0 0.1 93 0.878 0 0 0 0 0 7 2 0 21 -20 0 0.7 2 4 0
0 0 0.1 99 0.897 0 0 0 0 0 7 2 0 21 -20 0 0.7 2 4 0
0 0 0.1 75 1.192 0 0 0 0 0 7 2 0 21 -20 0 0.7 2 4 0
0 0 0.1 87 1.01 0 0 0 0 0 7 2 0 21 -20 0 0.7 5 4 0
0 0 0.1 99 1.131 0 0 0 0 0 7 2 0 21 -20 0 0.7 5 4 0
0 0 0.1 93 1.069 0 0 0 0 0 7 2 0 21 -20 0 0.7 5 4 0
0 0 0.1 78 1.192 0 0 0 0 0 7 2 0 21 -20 0 0.7 5 4 0
0 0 0.1 90 0.824 0 0 0 0 0 7 2 0 21 -20 0 0.7 5 4 0
0 0 0.1 102 0.935 0 0 0 0 0 6 3 0 21 -20 0 0.7 2 4 0
0 0 0.1 81 0.806 0 0 0 0 0 6 3 2 21 -20 0 0.7 3 4 0
0 0 0.1 105 0.946 0 0 0 0 0 6 3 2 21 -20 0 0.7 3 4 0
0 0 0.1 96 0.884 0 0 0 0 0 6 3 2 21 -20 0 0.7 3 4 0
