0 0 0.1 105 1.169 0 0 0 0 0 7 2 0 0 0 0 1 2 6 0
0 0 0.1 87 0.892 0 0 0 0 0 7 2 0 0 0 0 1 2 6 0
0 0 0.1 102 1.172 0 0 0 0 0 7 2 0 0 0 0 1 2 6 0
0 0 0.1 93 1.172 0 0 0 0 0 7 2 0 0 0 0 1 2 6 0
0 0 0.1 75 1.009 0 0 0 0 0 7 2 0 0 0 0 1 2 6 0
0 0 0.1 78 1.197 0 0 0 0 0 7 2 0 0 0 0 1 2 6 0
0 0 0.1 81 0.826 0 0 0 0 0 7 2 0 0 0 0 1 2 6 0
0 0 0.1 81 1.146 0 0 0 0 0 7 2 0 0 0 0 1 2 6 0
0 0 0.1 93 0.993 0 0 0 0 0 7 2 0 0 0 0 1 2 6 0
0 0 0.1 87 1.015 0 0 0 0 0 7 2 0 0 0 0 1 2 6 0
0 0 0.1 84 0.967 0 0 0 0 0 7 2 0 0 0 0 1 2 6 0
0 0 0.1 81 0.892 0 0 0 0 0 7 2 0 0 0 0 1 2 6 0
0 0 0.1 90 1.193 0 0 0 0 0 7 2 0 0 0 0 1 2 6 0
0 0 0.1 84 1.063 0 0 0 0 0 7 2 0 0 0 0 1 2 6 0
0 0 0.1 78 1.033 0 0 0 0 0 7 2 0 0 0 0 1 2 6 0
0 0 0.1 81 0.857 0 0 0 0 0 7 2 0 0 0 0 1 2 6 0
0 0 0.1 99 1.08 0 0 0 0 0 7 2 0 0 0 0 1 2 6 0
0 0 0.1 105 1.1 0 0 0 0 0 7 2 0 0 0 0 1 2 6 0
0 0 0.1 102 1.182 0 0 0 0 0 7 2 0 0 0 0 1 2 6 0
0 0 0.1 90 0.853 0 0 0 0 0 7 2 0 0 0 0 1 2 6 0
0 0 0.1 87 1.06 0 0 0 0 0 7 2 0 0 0 0 1 2 6 0
0 0 0.1 84 1.084 0 0 0 0 0 7 2 0 0 0 0 1 2 6 0
0 0 0.1 75 0.84 0 0 0 0 0 7 2 0 0 0 0 1 2 6 0
0 0 0.1 84 0.828 0 0 0 0 0 7 2 0 0 0 0 1 2 6 0
0 0 0.1 99 0.913 0 0 0 0 0 7 2 0 0 0 0 1 2 6 0
0 0 0.1 96 1.095 0 0 0 0 0 7 2 0 0 0 0 1 2 6 0
0 0 0.1 99 1.185 0 0 0 0 0 7 2 0 0 0 0 1 2 6 0
0 0 0.1 87 1.126 0 0 0 0 0 7 2 0 0 0 0 1 2 6 0
0 0 0.1 81 0.967 0 0 0 0 0 7 2 0 0 0 0 1 2 6 0
0 0 0.1 96 0.982 0 0 0 0 0 7 2 0 0 0 0 1 2 6 0
0 0 0.1 93 0.945 0 0 0 0 0 6 2 0 0 0 0 1 2 6 0
0 0 0.1 81 0.818 0 0 0 0 0 6 2 0 0 0 0 1 2 6 0
0 0 0.1 84 1.089 0 0 0 0 0 6 2 0 0 0 0 1 2 6 0
0 0 0.1 87 1.152 0 0 0 0 0 6 2 0 0 0 0 1 2 6 0
0 0 0.1 87 1.138 0 0 0 0 0 6 2 0 0 0 0 1 2 6 0
0 0 0.1 90 0.823 0 0 0 0 7 6 2 0 0 0 0 1 2 6 0
0 0 0.1 93 0.997 0 0 0 0 7 6 2 0 0 0 0 1 2 6 0
0 0 0.1 87 1.072 0 0 0 0 7 6 2 0 0 0 0 1 2 6 0
0 0 0.1 93 0.874 0 0 0 0 7 6 2 0 0 0 0 1 2 6 0
0 0 0.1 90 0.921 0 0 0 0 7 6 2 0 0 0 0 1 2 6 0
0 0 0.1 90 1.128 0 0 0 0 7 6 2 0 0 0 0 1 2 6 0
0 0 0.1 90 1.166 0 0 0 0 7 6 2 0 0 0 0 1 2 6 0
0 0 0.1 84 1.151 0 0 0 0 7 6 2 0 0 0 0 1 2 6 0
0 0 0.1 93 1.154 0 0 0 0 7 6 2 0 0 0 0 1 2 6 0
0 0 0.1 90 0.93 0 0 0 0 7 6 2 0 0 0 0 1 2 6 0
0 0 0.1 93 0.925 0 0 0 0 0 6 3 0 0 0 0 1 2 6 0
0 0 0.1 90 1.13 0 0 0 0 0 6 3 0 0 0 0 1 2 6 0
0 0 0.1 87 0.803 0 0 0 0 0 6 3 0 0 0 0 1 2 6 0
0 0 0.1 96 0.808 0 0 0 0 0 6 3 0 0 0 0 1 2 6 0
0 0 0.1 96 0.815 0 0 0 0 0 6 3 0 0 0 0 1 2 6 0
0 0 0.1 93 0.819 0 0 0 0 0 6 3 0 0 0 0 1 2 6 0
0 0 0.1 96 1.191 0 0 0 0 0 6 3 0 0 0 0 1 2 6 0
0 0 0.1 99 1.185 0 0 0 0 0 6 3 0 0 0 0 1 2 6 0
0 0 0.1 96 1.083 0 0 0 0 0 6 3 0 0 0 0 1 2 6 0
0 0 0.1 93 1.115 0 0 0 0 0 6 3 0 0 0 0 1 2 6 0
0 0 0.1 90 1.08 0 0 0 0 0 6 3 0 0 0 0 1 2 6 0
0 0 0.1 84 0.926 0 0 0 0 0 6 3 0 0 0 0 1 2 6 0
0 0 0.1 81 1.019 0 0 0 0 0 6 3 0 0 0 0 1 2 6 0
0 0 0.1 87 1.19 0 0 0 0 0 6 3 0 0 0 0 1 2 6 0
0 0 0.1 90 1.013 0 0 0 0 0 6 3 0 0 0 0 1 2 6 0
0 0 0.1 87 0.815 0 0 0 0 0 7 2 0 99 0 0 0.7 2 4 1
0 0 0.1 90 0.899 0 0 0 0 0 7 2 0 99 0 0 0.7 2 4 0
0 0 0.1 102 1.192 0 0 0 0 0 7 2 0 99 0 0 0.7 2 4 0
0 0 0.1 96 1.155 0 0 0 0 0 7 2 0 99 0 0 0.7 2 4 0
0 0 0.1 75 0.897 0 0 0 0 0 7 2 0 99 0 0 0.7 2 4 0
0 0 0.1 105 1.103 0 0 0 0 0 7 2 0 99 0 0 0.7 5 4 0
0 0 0.1 93 1.026 0 0 0 0 0 7 2 0 99 0 0 0.7 5 4 0
0 0 0.1 84 0.923 0 0 0 0 0 7 2 0 99 0 0 0.7 5 4 0
0 0 0.1 99 1.078 0 0 0 0 0 7 2 0 99 0 0 0.7 5 4 0
0 0 0.1 81 0.935 0 0 0 0 0 7 2 0 99 0 0 0.7 5 4 0
0 0 0.1 78 0.883 0 0 0 0 5 6 3 0 99 0 0 0.7 2 4 0
0 0 0.1 105 1.168 0 0 0 0 5 6 3 0 99 0 0 0.7 2 4 0
0 0 0.1 75 0.81 0 0 0 0 5 6 3 0 99 0 0 0.7 2 4 0
0 0 0.1 81 1.186 0 0 0 0 0 6 3 0 99 0 0 0.7 3 4 0
0 0 0.1 90 0.927 0 0 0 0 0 6 3 0 99 0 0 0.7 3 4 0
0 0 0.1 78 1.067 0 0 0 0 0 6 3 0 99 0 0 0.7 3 4 0
0 0 0.1 99 1.014 0 0 0 0 0 7 2 0 99 0 0 0.7 2 4 0
0 0 0.1 102 1.128 0 0 0 0 0 7 2 0 99 0 0 0.7 2 4 0
0 0 0.1 93 0.875 0 0 0 0 0 7 2 0 99 0 0 0.7 2 4 0
0 0 0.1 87 0.96 0 0 0 0 0 7 2 0 99 0 0 0.7 2 4 0
0 0 0.1 84 0.872 0 0 0 0 0 7 2 0 99 0 0 0.7 2 4 0
0 0 0.1 96 0.915 0 0 0 0 0 7 2 0 99 0 0 0.7 5 4 0
0 0 0.1 105 1.052 0 0 0 0 0 7 2 0 99 0 0 0.7 5 4 0
0 0 0.1 90 0.921 0 0 0 0 0 7 2 0 99 0 0 0.7 5 4 0
0 0 0.1 99 0.978 0 0 0 0 0 7 2 0 99 0 0 0.7 5 4 0
0 0 0.1 102 1.093 0 0 0 0 0 7 2 0 99 0 0 0.7 5 4 0
0 0 0.1 87 1.068 0 0 0 0 5 6 3 0 99 0 0 0.7 2 4 0
0 0 0.1 96 0.925 0 0 0 0 5 6 3 0 99 0 0 0.7 2 4 0
0 0 0.1 81 0.992 0 0 0 0 5 6 3 0 99 0 0 0.7 2 4 0
0 0 0.1 75 0.917 0 0 0 0 0 6 3 0 99 0 0 0.7 3 4 0
0 0 0.1 93 0.873 0 0 0 0 0 6 3 0 99 0 0 0.7 3 4 0
0 0 0.1 78 0.945 0 0 0 0 0 6 3 0 99 0 0 0.7 3 4 0
0 0 0.1 84 1.162 0 0 0 0 0 7 2 0 99 0 0 0.7 2 4 0
0 0 0.1 90 0.958 0 0 0 0 0 7 2 0 99 0 0 0.7 2 4 0
0 0 0.1 78 1.112 0 0 0 0 0 7 2 0 99 0 0 0.7 2 4 0
0 0 0.1 93 0.914 0 0 0 0 0 7 2 0 99 0 0 0.7 2 4 0
0 0 0.1 102 1.142 0 0 0 0 0 7 2 0 99 0 0 0.7 2 4 0
0 0 0.1 81 0.869 0 0 0 0 0 7 2 0 99 0 0 0.7 5 4 0
0 0 0.1 84 0.832 0 0 0 0 0 7 2 0 99 0 0 0.7 5 4 0
0 0 0.1 99 0.917 0 0 0 0 0 7 2 0 99 0 0 0.7 5 4 0
0 0 0.1 75 1.137 0 0 0 0 0 7 2 0 99 0 0 0.7 5 4 0
0 0 0.1 87 1.179 0 0 0 0 0 7 2 0 99 0 0 0.7 5 4 0
0 0 0.1 96 0.818 0 0 0 0 5 6 3 0 99 0 0 0.7 2 4 0
0 0 0.1 105 1.104 0 0 0 0 5 6 3 0 99 0 0 0.7 2 4 0
0 0 0.1 75 0.919 0 0 0 0 5 6 3 0 99 0 0 0.7 2 4 0
0 0 0.1 78 1.061 0 0 0 0 0 6 3 0 99 0 0 0.7 3 4 0
0 0 0.1 96 0.834 0 0 0 0 0 6 3 0 99 0 0 0.7 3 4 0
0 0 0.1 84 1.191 0 0 0 0 0 6 3 0 99 0 0 0.7 3 4 0
0 0 0.1 87 0.806 0 0 0 0 0 7 2 0 99 0 0 0.7 2 4 0
0 0 0.1 90 1.016 0 0 0 0 0 7 2 0 99 0 0 0.7 2 4 0
0 0 0.1 93 1.187 0 0 0 0 0 7 2 0 99 0 0 0.7 2 4 0
0 0 0.1 99 0.841 0 0 0 0 0 7 2 0 99 0 0 0.7 2 4 0
0 0 0.1 102 0.903 0 0 0 0 0 7 2 0 99 0 0 0.7 2 4 0
0 0 0.1 105 1.159 0 0 0 0 0 7 2 0 99 0 0 0.7 5 4 0
0 0 0.1 81 0.956 0 0 0 0 0 7 2 0 99 0 0 0.7 5 4 0
0 0 0.1 93 1.118 0 0 0 0 0 7 2 0 99 0 0 0.7 5 4 0
0 0 0.1 78 0.94 0 0 0 0 0 7 2 0 99 0 0 0.7 5 4 0
0 0 0.1 90 0.856 0 0 0 0 0 7 2 0 99 0 0 0.7 5 4 0
0 0 0.1 105 1.061 0 0 0 0 5 6 3 0 99 0 0 0.7 2 4 0
0 0 0.1 84 1.018 0 0 0 0 5 6 3 0 99 0 0 0.7 2 4 0
0 0 0.1 96 1.179 0 0 0 0 5 6 3 0 99 0 0 0.7 2 4 0
0 0 0.1 99 1.029 0 0 0 0 0 6 3 0 99 0 0 0.7 3 4 0
0 0 0.1 87 1.182 0 0 0 0 0 6 3 0 99 0 0 0.7 3 4 0
0 0 0.1 75 1.113 0 0 0 0 0 6 3 0 99 0 0 0.7 3 4 0
0 0 0.1 102 0.848 0 0 0 0 0 7 2 0 99 0 0 0.7 2 4 0
0 0 0.1 81 1.135 0 0 0 0 0 7 2 0 99 0 0 0.7 2 4 0
0 0 0.1 78 0.835 0 0 0 0 0 7 2 0 99 0 0 0.7 2 4 0
0 0 0.1 90 1.1 0 0 0 0 0 7 2 0 99 0 0 0.7 2 4 0
0 0 0.1 102 0.827 0 0 0 0 0 7 2 0 99 0 0 0.7 2 4 0
0 0 0.1 96 0.832 0 0 0 0 0 7 2 0 99 0 0 0.7 5 4 0
0 0 0.1 81 0.843 0 0 0 0 0 7 2 0 99 0 0 0.7 5 4 0
0 0 0.1 87 0.963 0 0 0 0 0 7 2 0 99 0 0 0.7 5 4 0
0 0 0.1 93 1.19 0 0 0 0 0 7 2 0 99 0 0 0.7 5 4 0
0 0 0.1 84 0.866 0 0 0 0 0 7 2 0 99 0 0 0.7 5 4 0
0 0 0.1 105 1.002 0 0 0 0 5 6 3 0 99 0 0 0.7 2 4 0
0 0 0.1 75 0.881 0 0 0 0 5 6 3 0 99 0 0 0.7 2 4 0
0 0 0.1 99 0.88 0 0 0 0 5 6 3 0 99 0 0 0.7 2 4 0
0 0 0.1 75 0.872 0 0 0 0 0 6 3 0 99 0 0 0.7 3 4 0
0 0 0.1 87 0.91 0 0 0 0 0 6 3 0 99 0 0 0.7 3 4 0
0 0 0.1 90 0.853 0 0 0 0 0 6 3 0 99 0 0 0.7 3 4 0
0 0 0.1 105 1.144 0 0 0 0 0 7 2 0 99 0 0 0.7 2 4 0
0 0 0.1 78 1.059 0 0 0 0 0 7 2 0 99 0 0 0.7 2 4 0
0 0 0.1 96 1.042 0 0 0 0 0 7 2 0 99 0 0 0.7 2 4 0
0 0 0.1 102 1.189 0 0 0 0 0 7 2 0 99 0 0 0.7 2 4 0
0 0 0.1 84 0.951 0 0 0 0 0 7 2 0 99 0 0 0.7 2 4 0
0 0 0.1 81 1.128 0 0 0 0 0 7 2 0 99 0 0 0.7 5 4 0
0 0 0.1 93 0.891 0 0 0 0 0 7 2 0 99 0 0 0.7 5 4 0
0 0 0.1 99 0.883 0 0 0 0 0 7 2 0 99 0 0 0.7 5 4 0
0 0 0.1 75 0.878 0 0 0 0 0 7 2 0 99 0 0 0.7 5 4 0
0 0 0.1 87 0.897 0 0 0 0 0 7 2 0 99 0 0 0.7 5 4 0
0 0 0.1 99 1.192 0 0 0 0 5 6 3 0 99 0 0 0.7 2 4 0
0 0 0.1 93 1.01 0 0 0 0 5 6 3 0 99 0 0 0.7 2 4 0
0 0 0.1 78 1.131 0 0 0 0 5 6 3 0 99 0 0 0.7 2 4 0
0 0 0.1 90 1.069 0 0 0 0 0 6 3 0 99 0 0 0.7 3 4 0
0 0 0.1 102 1.192 0 0 0 0 0 6 3 0 99 0 0 0.7 3 4 0
0 0 0.1 81 0.824 0 0 0 0 0 6 3 0 99 0 0 0.7 3 4 0
0 0 0.1 105 1.169 0 0 0 0 0 7 2 0 0 0 0 1 2 6 0
0 0 0.1 87 0.892 0 0 0 0 0 7 2 0 0 0 0 1 2 6 0
0 0 0.1 102 1.172 0 0 0 0 0 7 2 0 0 0 0 1 2 6 0
0 0 0.1 93 1.172 0 0 0 0 0 7 2 0 0 0 0 1 2 6 0
0 0 0.1 75 1.009 0 0 0 0 0 7 2 0 0 0 0 1 2 6 0
0 0 0.1 78 1.197 0 0 0 0 0 7 2 0 0 0 0 1 2 6 0
0 0 0.1 81 0.826 0 0 0 0 0 7 2 0 0 0 0 1 2 6 0
0 0 0.1 81 1.146 0 0 0 0 0 7 2 0 0 0 0 1 2 6 0
0 0 0.1 93 0.993 0 0 0 0 0 7 2 0 0 0 0 1 2 6 0
0 0 0.1 87 1.015 0 0 0 0 0 7 2 0 0 0 0 1 2 6 0
0 0 0.1 84 0.967 0 0 0 0 0 7 2 0 0 0 0 1 2 6 0
0 0 0.1 81 0.892 0 0 0 0 0 7 2 0 0 0 0 1 2 6 0
0 0 0.1 90 1.193 0 0 0 0 0 7 2 0 0 0 0 1 2 6 0
0 0 0.1 84 1.063 0 0 0 0 0 7 2 0 0 0 0 1 2 6 0
0 0 0.1 78 1.033 0 0 0 0 0 7 2 0 0 0 0 1 2 6 0
0 0 0.1 81 0.857 0 0 0 0 0 7 2 0 0 0 0 1 2 6 0
0 0 0.1 99 1.08 0 0 0 0 0 7 2 0 0 0 0 1 2 6 0
0 0 0.1 105 1.1 0 0 0 0 0 7 2 0 0 0 0 1 2 6 0
0 0 0.1 102 1.182 0 0 0 0 0 7 2 0 0 0 0 1 2 6 0
0 0 0.1 90 0.853 0 0 0 0 0 7 2 0 0 0 0 1 2 6 0
0 0 0.1 87 1.06 0 0 0 0 0 7 2 0 0 0 0 1 2 6 0
0 0 0.1 84 1.084 0 0 0 0 0 7 2 0 0 0 0 1 2 6 0
0 0 0.1 75 0.84 0 0 0 0 0 7 2 0 0 0 0 1 2 6 0
0 0 0.1 84 0.828 0 0 0 0 0 7 2 0 0 0 0 1 2 6 0
0 0 0.1 99 0.913 0 0 0 0 0 7 2 0 0 0 0 1 2 6 0
0 0 0.1 96 1.095 0 0 0 0 0 7 2 0 0 0 0 1 2 6 0
0 0 0.1 99 1.185 0 0 0 0 0 7 2 0 0 0 0 1 2 6 0
0 0 0.1 87 1.126 0 0 0 0 0 7 2 0 0 0 0 1 2 6 0
0 0 0.1 81 0.967 0 0 0 0 0 7 2 0 0 0 0 1 2 6 0
0 0 0.1 96 0.982 0 0 0 0 0 7 2 0 0 0 0 1 2 6 0
0 0 0.1 93 0.945 0 0 0 0 0 6 2 0 0 0 0 1 2 6 0
0 0 0.1 81 0.818 0 0 0 0 0 6 2 0 0 0 0 1 2 6 0
0 0 0.1 84 1.089 0 0 0 0 0 6 2 0 0 0 0 1 2 6 0
0 0 0.1 87 1.152 0 0 0 0 0 6 2 0 0 0 0 1 2 6 0
0 0 0.1 87 1.138 0 0 0 0 0 6 2 0 0 0 0 1 2 6 0
0 0 0.1 90 0.823 0 0 0 0 7 6 2 0 0 0 0 1 2 6 0
0 0 0.1 93 0.997 0 0 0 0 7 6 2 0 0 0 0 1 2 6 0
0 0 0.1 87 1.072 0 0 0 0 7 6 2 0 0 0 0 1 2 6 0
0 0 0.1 93 0.874 0 0 0 0 7 6 2 0 0 0 0 1 2 6 0
0 0 0.1 90 0.921 0 0 0 0 7 6 2 0 0 0 0 1 2 6 0
0 0 0.1 90 1.128 0 0 0 0 7 6 2 0 0 0 0 1 2 6 0
0 0 0.1 90 1.166 0 0 0 0 7 6 2 0 0 0 0 1 2 6 0
0 0 0.1 84 1.151 0 0 0 0 7 6 2 0 0 0 0 1 2 6 0
0 0 0.1 93 1.154 0 0 0 0 7 6 2 0 0 0 0 1 2 6 0
0 0 0.1 90 0.93 0 0 0 0 7 6 2 0 0 0 0 1 2 6 0
0 0 0.1 93 0.925 0 0 0 0 0 6 3 0 0 0 0 1 2 6 0
0 0 0.1 90 1.13 0 0 0 0 0 6 3 0 0 0 0 1 2 6 0
0 0 0.1 87 0.803 0 0 0 0 0 6 3 0 0 0 0 1 2 6 0
0 0 0.1 96 0.808 0 0 0 0 0 6 3 0 0 0 0 1 2 6 0
0 0 0.1 96 0.815 0 0 0 0 0 6 3 0 0 0 0 1 2 6 0
0 0 0.1 93 0.819 0 0 0 0 0 6 3 0 0 0 0 1 2 6 0
0 0 0.1 96 1.191 0 0 0 0 0 6 3 0 0 0 0 1 2 6 0
0 0 0.1 99 1.185 0 0 0 0 0 6 3 0 0 0 0 1 2 6 0
0 0 0.1 96 1.083 0 0 0 0 0 6 3 0 0 0 0 1 2 6 0
0 0 0.1 93 1.115 0 0 0 0 0 6 3 0 0 0 0 1 2 6 0
0 0 0.1 90 1.08 0 0 0 0 0 6 3 0 0 0 0 1 2 6 0
0 0 0.1 84 0.926 0 0 0 0 0 6 3 0 0 0 0 1 2 6 0
0 0 0.1 81 1.019 0 0 0 0 0 6 3 0 0 0 0 1 2 6 0
0 0 0.1 87 1.19 0 0 0 0 0 6 3 0 0 0 0 1 2 6 0
0 0 0.1 90 1.013 0 0 0 0 0 6 3 0 0 0 0 1 2 6 0
0 0 0.1 87 0.815 0 0 0 0 0 7 2 0 22 -20 0 0.7 2 4 1
0 0 0.1 90 0.899 0 0 0 0 0 7 2 0 22 -20 0 0.7 2 4 0
0 0 0.1 102 1.192 0 0 0 0 0 7 2 0 22 -20 0 0.7 2 4 0
0 0 0.1 96 1.155 0 0 0 0 0 7 2 0 22 -20 0 0.7 2 4 0
0 0 0.1 75 0.897 0 0 0 0 0 7 2 0 22 -20 0 0.7 2 4 0
0 0 0.1 105 1.103 0 0 0 0 0 7 2 0 22 -20 0 0.7 5 4 0
0 0 0.1 93 1.026 0 0 0 0 0 7 2 0 22 -20 0 0.7 5 4 0
0 0 0.1 84 0.923 0 0 0 0 0 7 2 0 22 -20 0 0.7 5 4 0
0 0 0.1 99 1.078 0 0 0 0 0 7 2 0 22 -20 0 0.7 5 4 0
0 0 0.1 81 0.935 0 0 0 0 0 7 2 0 22 -20 0 0.7 5 4 0
0 0 0.1 78 0.883 0 0 0 0 5 6 3 0 22 -20 0 0.7 2 4 0
0 0 0.1 105 1.168 0 0 0 0 5 6 3 0 22 -20 0 0.7 2 4 0
0 0 0.1 75 0.81 0 0 0 0 5 6 3 0 22 -20 0 0.7 2 4 0
0 0 0.1 81 1.186 0 0 0 0 0 6 3 1 22 -20 0 0.7 3 4 0
0 0 0.1 90 0.927 0 0 0 0 0 6 3 1 22 -20 0 0.7 3 4 0
0 0 0.1 78 1.067 0 0 0 0 0 6 3 1 22 -20 0 0.7 3 4 0
0 0 0.1 99 1.014 0 0 0 0 0 7 2 0 22 -20 0 0.7 2 4 0
0 0 0.1 102 1.128 0 0 0 0 0 7 2 0 22 -20 0 0.7 2 4 0
0 0 0.1 93 0.875 0 0 0 0 0 7 2 0 22 -20 0 0.7 2 4 0
0 0 0.1 87 0.96 0 0 0 0 0 7 2 0 22 -20 0 0.7 2 4 0
0 0 0.1 84 0.872 0 0 0 0 0 7 2 0 22 -20 0 0.7 2 4 0
0 0 0.1 96 0.915 0 0 0 0 0 7 2 0 22 -20 0 0.7 5 4 0
0 0 0.1 105 1.052 0 0 0 0 0 7 2 0 22 -20 0 0.7 5 4 0
0 0 0.1 90 0.921 0 0 0 0 0 7 2 0 22 -20 0 0.7 5 4 0
0 0 0.1 99 0.978 0 0 0 0 0 7 2 0 22 -20 0 0.7 5 4 0
0 0 0.1 102 1.093 0 0 0 0 0 7 2 0 22 -20 0 0.7 5 4 0
0 0 0.1 87 1.068 0 0 0 0 5 6 3 0 22 -20 0 0.7 2 4 0
0 0 0.1 96 0.925 0 0 0 0 5 6 3 0 22 -20 0 0.7 2 4 0
0 0 0.1 81 0.992 0 0 0 0 5 6 3 0 22 -20 0 0.7 2 4 0
0 0 0.1 75 0.917 0 0 0 0 0 6 3 1 22 -20 0 0.7 3 4 0
0 0 0.1 93 0.873 0 0 0 0 0 6 3 1 22 -20 0 0.7 3 4 0
0 0 0.1 78 0.945 0 0 0 0 0 6 3 1 22 -20 0 0.7 3 4 0
0 0 0.1 84 1.162 0 0 0 0 0 7 2 0 22 -20 0 0.7 2 4 0
0 0 0.1 90 0.958 0 0 0 0 0 7 2 0 22 -20 0 0.7 2 4 0
0 0 0.1 78 1.112 0 0 0 0 0 7 2 0 22 -20 0 0.7 2 4 0
0 0 0.1 93 0.914 0 0 0 0 0 7 2 0 22 -20 0 0.7 2 4 0
0 0 0.1 102 1.142 0 0 0 0 0 7 2 0 22 -20 0 0.7 2 4 0
0 0 0.1 81 0.869 0 0 0 0 0 7 2 0 22 -20 0 0.7 5 4 0
0 0 0.1 84 0.832 0 0 0 0 0 7 2 0 22 -20 0 0.7 5 4 0
0 0 0.1 99 0.917 0 0 0 0 0 7 2 0 22 -20 0 0.7 5 4 0
0 0 0.1 75 1.137 0 0 0 0 0 7 2 0 22 -20 0 0.7 5 4 0
0 0 0.1 87 1.179 0 0 0 0 0 7 2 0 22 -20 0 0.7 5 4 0
0 0 0.1 96 0.818 0 0 0 0 5 6 3 0 22 -20 0 0.7 2 4 0
0 0 0.1 105 1.104 0 0 0 0 5 6 3 0 22 -20 0 0.7 2 4 0
0 0 0.1 75 0.919 0 0 0 0 5 6 3 0 22 -20 0 0.7 2 4 0
0 0 0.1 78 1.061 0 0 0 0 0 6 3 1 22 -20 0 0.7 3 4 0
0 0 0.1 96 0.834 0 0 0 0 0 6 3 1 22 -20 0 0.7 3 4 0
0 0 0.1 84 1.191 0 0 0 0 0 6 3 1 22 -20 0 0.7 3 4 0
0 0 0.1 87 0.806 0 0 0 0 0 7 2 0 22 -20 0 0.7 2 4 0
0 0 0.1 90 1.016 0 0 0 0 0 7 2 0 22 -20 0 0.7 2 4 0
0 0 0.1 93 1.187 0 0 0 0 0 7 2 0 22 -20 0 0.7 2 4 0
0 0 0.1 99 0.841 0 0 0 0 0 7 2 0 22 -20 0 0.7 2 4 0
0 0 0.1 102 0.903 0 0 0 0 0 7 2 0 22 -20 0 0.7 2 4 0
0 0 0.1 105 1.159 0 0 0 0 0 7 2 0 22 -20 0 0.7 5 4 0
0 0 0.1 81 0.956 0 0 0 0 0 7 2 0 22 -20 0 0.7 5 4 0
0 0 0.1 93 1.118 0 0 0 0 0 7 2 0 22 -20 0 0.7 5 4 0
0 0 0.1 78 0.94 0 0 0 0 0 7 2 0 22 -20 0 0.7 5 4 0
0 0 0.1 90 0.856 0 0 0 0 0 7 2 0 22 -20 0 0.7 5 4 0
0 0 0.1 105 1.061 0 0 0 0 5 6 3 0 22 -20 0 0.7 2 4 0
0 0 0.1 84 1.018 0 0 0 0 5 6 3 0 22 -20 0 0.7 2 4 0
0 0 0.1 96 1.179 0 0 0 0 5 6 3 0 22 -20 0 0.7 2 4 0
0 0 0.1 99 1.029 0 0 0 0 0 6 3 1 22 -20 0 0.7 3 4 0
0 0 0.1 87 1.182 0 0 0 0 0 6 3 1 22 -20 0 0.7 3 4 0
0 0 0.1 75 1.113 0 0 0 0 0 6 3 1 22 -20 0 0.7 3 4 0
0 0 0.1 102 0.848 0 0 0 0 0 7 2 0 22 -20 0 0.7 2 4 0
0 0 0.1 81 1.135 0 0 0 0 0 7 2 0 22 -20 0 0.7 2 4 0
0 0 0.1 78 0.835 0 0 0 0 0 7 2 0 22 -20 0 0.7 2 4 0
0 0 0.1 90 1.1 0 0 0 0 0 7 2 0 22 -20 0 0.7 2 4 0
0 0 0.1 102 0.827 0 0 0 0 0 7 2 0 22 -20 0 0.7 2 4 0
0 0 0.1 96 0.832 0 0 0 0 0 7 2 0 22 -20 0 0.7 5 4 0
0 0 0.1 81 0.843 0 0 0 0 0 7 2 0 22 -20 0 0.7 5 4 0
0 0 0.1 87 0.963 0 0 0 0 0 7 2 0 22 -20 0 0.7 5 4 0
0 0 0.1 93 1.19 0 0 0 0 0 7 2 0 22 -20 0 0.7 5 4 0
0 0 0.1 84 0.866 0 0 0 0 0 7 2 0 22 -20 0 0.7 5 4 0
0 0 0.1 105 1.002 0 0 0 0 5 6 3 0 22 -20 0 0.7 2 4 0
0 0 0.1 75 0.881 0 0 0 0 5 6 3 0 22 -20 0 0.7 2 4 0
0 0 0.1 99 0.88 0 0 0 0 5 6 3 0 22 -20 0 0.7 2 4 0
0 0 0.1 75 0.872 0 0 0 0 0 6 3 1 22 -20 0 0.7 3 4 0
0 0 0.1 87 0.91 0 0 0 0 0 6 3 1 22 -20 0 0.7 3 4 0
0 0 0.1 90 0.853 0 0 0 0 0 6 3 1 22 -20 0 0.7 3 4 0
0 0 0.1 105 1.144 0 0 0 0 0 7 2 0 22 -20 0 0.7 2 4 0
0 0 0.1 78 1.059 0 0 0 0 0 7 2 0 22 -20 0 0.7 2 4 0
0 0 0.1 96 1.042 0 0 0 0 0 7 2 0 22 -20 0 0.7 2 4 0
0 0 0.1 102 1.189 0 0 0 0 0 7 2 0 22 -20 0 0.7 2 4 0
0 0 0.1 84 0.951 0 0 0 0 0 7 2 0 22 -20 0 0.7 2 4 0
0 0 0.1 81 1.128 0 0 0 0 0 7 2 0 22 -20 0 0.7 5 4 0
0 0 0.1 93 0.891 0 0 0 0 0 7 2 0 22 -20 0 0.7 5 4 0
0 0 0.1 99 0.883 0 0 0 0 0 7 2 0 22 -20 0 0.7 5 4 0
0 0 0.1 75 0.878 0 0 0 0 0 7 2 0 22 -20 0 0.7 5 4 0
0 0 0.1 87 0.897 0 0 0 0 0 7 2 0 22 -20 0 0.7 5 4 0
0 0 0.1 99 1.192 0 0 0 0 5 6 3 0 22 -20 0 0.7 2 4 0
0 0 0.1 93 1.01 0 0 0 0 5 6 3 0 22 -20 0 0.7 2 4 0
0 0 0.1 78 1.131 0 0 0 0 5 6 3 0 22 -20 0 0.7 2 4 0
0 0 0.1 90 1.069 0 0 0 0 0 6 3 1 22 -20 0 0.7 3 4 0
0 0 0.1 102 1.192 0 0 0 0 0 6 3 1 22 -20 0 0.7 3 4 0
0 0 0.1 81 0.824 0 0 0 0 0 6 3 1 22 -20 0 0.7 3 4 0
0 0 0.1 105 1.169 0 0 0 0 0 7 2 0 0 0 0 1 2 6 0
0 0 0.1 87 0.892 0 0 0 0 0 7 2 0 0 0 0 1 2 6 0
0 0 0.1 102 1.172 0 0 0 0 0 7 2 0 0 0 0 1 2 6 0
0 0 0.1 93 1.172 0 0 0 0 0 7 2 0 0 0 0 1 2 6 0
0 0 0.1 75 1.009 0 0 0 0 0 7 2 0 0 0 0 1 2 6 0
0 0 0.1 78 1.197 0 0 0 0 0 7 2 0 0 0 0 1 2 6 0
0 0 0.1 81 0.826 0 0 0 0 0 7 2 0 0 0 0 1 2 6 0
0 0 0.1 81 1.146 0 0 0 0 0 7 2 0 0 0 0 1 2 6 0
0 0 0.1 93 0.993 0 0 0 0 0 7 2 0 0 0 0 1 2 6 0
0 0 0.1 87 1.015 0 0 0 0 0 7 2 0 0 0 0 1 2 6 0
0 0 0.1 84 0.967 0 0 0 0 0 7 2 0 0 0 0 1 2 6 0
0 0 0.1 81 0.892 0 0 0 0 0 7 2 0 0 0 0 1 2 6 0
0 0 0.1 90 1.193 0 0 0 0 0 7 2 0 0 0 0 1 2 6 0
0 0 0.1 84 1.063 0 0 0 0 0 7 2 0 0 0 0 1 2 6 0
0 0 0.1 78 1.033 0 0 0 0 0 7 2 0 0 0 0 1 2 6 0
0 0 0.1 81 0.857 0 0 0 0 0 7 2 0 0 0 0 1 2 6 0
0 0 0.1 99 1.08 0 0 0 0 0 7 2 0 0 0 0 1 2 6 0
0 0 0.1 105 1.1 0 0 0 0 0 7 2 0 0 0 0 1 2 6 0
0 0 0.1 102 1.182 0 0 0 0 0 7 2 0 0 0 0 1 2 6 0
0 0 0.1 90 0.853 0 0 0 0 0 7 2 0 0 0 0 1 2 6 0
0 0 0.1 87 1.06 0 0 0 0 0 7 2 0 0 0 0 1 2 6 0
0 0 0.1 84 1.084 0 0 0 0 0 7 2 0 0 0 0 1 2 6 0
0 0 0.1 75 0.84 0 0 0 0 0 7 2 0 0 0 0 1 2 6 0
0 0 0.1 84 0.828 0 0 0 0 0 7 2 0 0 0 0 1 2 6 0
0 0 0.1 99 0.913 0 0 0 0 0 7 2 0 0 0 0 1 2 6 0
0 0 0.1 96 1.095 0 0 0 0 0 7 2 0 0 0 0 1 2 6 0
0 0 0.1 99 1.185 0 0 0 0 0 7 2 0 0 0 0 1 2 6 0
0 0 0.1 87 1.126 0 0 0 0 0 7 2 0 0 0 0 1 2 6 0
0 0 0.1 81 0.967 0 0 0 0 0 7 2 0 0 0 0 1 2 6 0
0 0 0.1 96 0.982 0 0 0 0 0 7 2 0 0 0 0 1 2 6 0
0 0 0.1 93 0.945 0 0 0 0 0 6 2 0 0 0 0 1 2 6 0
0 0 0.1 81 0.818 0 0 0 0 0 6 2 0 0 0 0 1 2 6 0
0 0 0.1 84 1.089 0 0 0 0 0 6 2 0 0 0 0 1 2 6 0
0 0 0.1 87 1.152 0 0 0 0 0 6 2 0 0 0 0 1 2 6 0
0 0 0.1 87 1.138 0 0 0 0 0 6 2 0 0 0 0 1 2 6 0
0 0 0.1 90 0.823 0 0 0 0 7 6 2 0 0 0 0 1 2 6 0
0 0 0.1 93 0.997 0 0 0 0 7 6 2 0 0 0 0 1 2 6 0
0 0 0.1 87 1.072 0 0 0 0 7 6 2 0 0 0 0 1 2 6 0
0 0 0.1 93 0.874 0 0 0 0 7 6 2 0 0 0 0 1 2 6 0
0 0 0.1 90 0.921 0 0 0 0 7 6 2 0 0 0 0 1 2 6 0
0 0 0.1 90 1.128 0 0 0 0 7 6 2 0 0 0 0 1 2 6 0
0 0 0.1 90 1.166 0 0 0 0 7 6 2 0 0 0 0 1 2 6 0
0 0 0.1 84 1.151 0 0 0 0 7 6 2 0 0 0 0 1 2 6 0
0 0 0.1 93 1.154 0 0 0 0 7 6 2 0 0 0 0 1 2 6 0
0 0 0.1 90 0.93 0 0 0 0 7 6 2 0 0 0 0 1 2 6 0
0 0 0.1 93 0.925 0 0 0 0 0 6 3 0 0 0 0 1 2 6 0
0 0 0.1 90 1.13 0 0 0 0 0 6 3 0 0 0 0 1 2 6 0
0 0 0.1 87 0.803 0 0 0 0 0 6 3 0 0 0 0 1 2 6 0
0 0 0.1 96 0.808 0 0 0 0 0 6 3 0 0 0 0 1 2 6 0
0 0 0.1 96 0.815 0 0 0 0 0 6 3 0 0 0 0 1 2 6 0
0 0 0.1 93 0.819 0 0 0 0 0 6 3 0 0 0 0 1 2 6 0
0 0 0.1 96 1.191 0 0 0 0 0 6 3 0 0 0 0 1 2 6 0
0 0 0.1 99 1.185 0 0 0 0 0 6 3 0 0 0 0 1 2 6 0
0 0 0.1 96 1.083 0 0 0 0 0 6 3 0 0 0 0 1 2 6 0
0 0 0.1 93 1.115 0 0 0 0 0 6 3 0 0 0 0 1 2 6 0
0 0 0.1 90 1.08 0 0 0 0 0 6 3 0 0 0 0 1 2 6 0
0 0 0.1 84 0.926 0 0 0 0 0 6 3 0 0 0 0 1 2 6 0
0 0 0.1 81 1.019 0 0 0 0 0 6 3 0 0 0 0 1 2 6 0
0 0 0.1 87 1.19 0 0 0 0 0 6 3 0 0 0 0 1 2 6 0
0 0 0.1 90 1.013 0 0 0 0 0 6 3 0 0 0 0 1 2 6 0
0 0 0.1 87 0.815 0 0 0 0 0 7 2 0 22 -20 0 0.7 2 4 1
0 0 0.1 90 0.899 0 0 0 0 0 7 2 0 22 -20 0 0.7 2 4 0
0 0 0.1 102 1.192 0 0 0 0 0 7 2 0 22 -20 0 0.7 2 4 0
0 0 0.1 96 1.155 0 0 0 0 0 7 2 0 22 -20 0 0.7 2 4 0
0 0 0.1 75 0.897 0 0 0 0 0 7 2 0 22 -20 0 0.7 2 4 0
0 0 0.1 105 1.103 0 0 0 0 0 7 2 0 22 -20 0 0.7 5 4 0
0 0 0.1 93 1.026 0 0 0 0 0 7 2 0 22 -20 0 0.7 5 4 0
0 0 0.1 84 0.923 0 0 0 0 0 7 2 0 22 -20 0 0.7 5 4 0
0 0 0.1 99 1.078 0 0 0 0 0 7 2 0 22 -20 0 0.7 5 4 0
0 0 0.1 81 0.935 0 0 0 0 0 7 2 0 22 -20 0 0.7 5 4 0
0 0 0.1 78 0.883 0 0 0 0 5 6 3 0 22 -20 0 0.7 2 4 0
0 0 0.1 105 1.168 0 0 0 0 5 6 3 0 22 -20 0 0.7 2 4 0
0 0 0.1 75 0.81 0 0 0 0 5 6 3 0 22 -20 0 0.7 2 4 0
0 0 0.1 81 1.186 0 0 0 0 0 6 3 1 22 -20 0 0.7 3 4 0
0 0 0.1 90 0.927 0 0 0 0 0 6 3 1 22 -20 0 0.7 3 4 0
0 0 0.1 78 1.067 0 0 0 0 0 6 3 1 22 -20 0 0.7 3 4 0
0 0 0.1 99 1.014 0 0 0 0 0 7 2 0 22 -20 0 0.7 2 4 0
0 0 0.1 102 1.128 0 0 0 0 0 7 2 0 22 -20 0 0.7 2 4 0
0 0 0.1 93 0.875 0 0 0 0 0 7 2 0 22 -20 0 0.7 2 4 0
0 0 0.1 87 0.96 0 0 0 0 0 7 2 0 22 -20 0 0.7 2 4 0
0 0 0.1 84 0.872 0 0 0 0 0 7 2 0 22 -20 0 0.7 2 4 0
0 0 0.1 96 0.915 0 0 0 0 0 7 2 0 22 -20 0 0.7 5 4 0
0 0 0.1 105 1.052 0 0 0 0 0 7 2 0 22 -20 0 0.7 5 4 0
0 0 0.1 90 0.921 0 0 0 0 0 7 2 0 22 -20 0 0.7 5 4 0
0 0 0.1 99 0.978 0 0 0 0 0 7 2 0 22 -20 0 0.7 5 4 0
0 0 0.1 102 1.093 0 0 0 0 0 7 2 0 22 -20 0 0.7 5 4 0
0 0 0.1 87 1.068 0 0 0 0 5 6 3 0 22 -20 0 0.7 2 4 0
0 0 0.1 96 0.925 0 0 0 0 5 6 3 0 22 -20 0 0.7 2 4 0
0 0 0.1 81 0.992 0 0 0 0 5 6 3 0 22 -20 0 0.7 2 4 0
0 0 0.1 75 0.917 0 0 0 0 0 6 3 1 22 -20 0 0.7 3 4 0
0 0 0.1 93 0.873 0 0 0 0 0 6 3 1 22 -20 0 0.7 3 4 0
0 0 0.1 78 0.945 0 0 0 0 0 6 3 1 22 -20 0 0.7 3 4 0
0 0 0.1 84 1.162 0 0 0 0 0 7 2 0 22 -20 0 0.7 2 4 0
0 0 0.1 90 0.958 0 0 0 0 0 7 2 0 22 -20 0 0.7 2 4 0
0 0 0.1 78 1.112 0 0 0 0 0 7 2 0 22 -20 0 0.7 2 4 0
0 0 0.1 93 0.914 0 0 0 0 0 7 2 0 22 -20 0 0.7 2 4 0
0 0 0.1 102 1.142 0 0 0 0 0 7 2 0 22 -20 0 0.7 2 4 0
0 0 0.1 81 0.869 0 0 0 0 0 7 2 0 22 -20 0 0.7 5 4 0
0 0 0.1 84 0.832 0 0 0 0 0 7 2 0 22 -20 0 0.7 5 4 0
0 0 0.1 99 0.917 0 0 0 0 0 7 2 0 22 -20 0 0.7 5 4 0
0 0 0.1 75 1.137 0 0 0 0 0 7 2 0 22 -20 0 0.7 5 4 0
0 0 0.1 87 1.179 0 0 0 0 0 7 2 0 22 -20 0 0.7 5 4 0
0 0 0.1 96 0.818 0 0 0 0 5 6 3 0 22 -20 0 0.7 2 4 0
0 0 0.1 105 1.104 0 0 0 0 5 6 3 0 22 -20 0 0.7 2 4 0
0 0 0.1 75 0.919 0 0 0 0 5 6 3 0 22 -20 0 0.7 2 4 0
0 0 0.1 78 1.061 0 0 0 0 0 6 3 1 22 -20 0 0.7 3 4 0
0 0 0.1 96 0.834 0 0 0 0 0 6 3 1 22 -20 0 0.7 3 4 0
0 0 0.1 84 1.191 0 0 0 0 0 6 3 1 22 -20 0 0.7 3 4 0
0 0 0.1 87 0.806 0 0 0 0 0 7 2 0 22 -20 0 0.7 2 4 0
0 0 0.1 90 1.016 0 0 0 0 0 7 2 0 22 -20 0 0.7 2 4 0
0 0 0.1 93 1.187 0 0 0 0 0 7 2 0 22 -20 0 0.7 2 4 0
0 0 0.1 99 0.841 0 0 0 0 0 7 2 0 22 -20 0 0.7 2 4 0
0 0 0.1 102 0.903 0 0 0 0 0 7 2 0 22 -20 0 0.7 2 4 0
0 0 0.1 105 1.159 0 0 0 0 0 7 2 0 22 -20 0 0.7 5 4 0
0 0 0.1 81 0.956 0 0 0 0 0 7 2 0 22 -20 0 0.7 5 4 0
0 0 0.1 93 1.118 0 0 0 0 0 7 2 0 22 -20 0 0.7 5 4 0
0 0 0.1 78 0.94 0 0 0 0 0 7 2 0 22 -20 0 0.7 5 4 0
0 0 0.1 90 0.856 0 0 0 0 0 7 2 0 22 -20 0 0.7 5 4 0
0 0 0.1 105 1.061 0 0 0 0 5 6 3 0 22 -20 0 0.7 2 4 0
0 0 0.1 84 1.018 0 0 0 0 5 6 3 0 22 -20 0 0.7 2 4 0
0 0 0.1 96 1.179 0 0 0 0 5 6 3 0 22 -20 0 0.7 2 4 0
0 0 0.1 99 1.029 0 0 0 0 0 6 3 1 22 -20 0 0.7 3 4 0
0 0 0.1 87 1.182 0 0 0 0 0 6 3 1 22 -20 0 0.7 3 4 0
0 0 0.1 75 1.113 0 0 0 0 0 6 3 1 22 -20 0 0.7 3 4 0
0 0 0.1 102 0.848 0 0 0 0 0 7 2 0 22 -20 0 0.7 2 4 0
0 0 0.1 81 1.135 0 0 0 0 0 7 2 0 22 -20 0 0.7 2 4 0
0 0 0.1 78 0.835 0 0 0 0 0 7 2 0 22 -20 0 0.7 2 4 0
0 0 0.1 90 1.1 0 0 0 0 0 7 2 0 22 -20 0 0.7 2 4 0
0 0 0.1 102 0.827 0 0 0 0 0 7 2 0 22 -20 0 0.7 2 4 0
0 0 0.1 96 0.832 0 0 0 0 0 7 2 0 22 -20 0 0.7 5 4 0
0 0 0.1 81 0.843 0 0 0 0 0 7 2 0 22 -20 0 0.7 5 4 0
0 0 0.1 87 0.963 0 0 0 0 0 7 2 0 22 -20 0 0.7 5 4 0
0 0 0.1 93 1.19 0 0 0 0 0 7 2 0 22 -20 0 0.7 5 4 0
0 0 0.1 84 0.866 0 0 0 0 0 7 2 0 22 -20 0 0.7 5 4 0
0 0 0.1 105 1.002 0 0 0 0 5 6 3 0 22 -20 0 0.7 2 4 0
0 0 0.1 75 0.881 0 0 0 0 5 6 3 0 22 -20 0 0.7 2 4 0
0 0 0.1 99 0.88 0 0 0 0 5 6 3 0 22 -20 0 0.7 2 4 0
0 0 0.1 75 0.872 0 0 0 0 0 6 3 1 22 -20 0 0.7 3 4 0
0 0 0.1 87 0.91 0 0 0 0 0 6 3 1 22 -20 0 0.7 3 4 0
0 0 0.1 90 0.853 0 0 0 0 0 6 3 1 22 -20 0 0.7 3 4 0
0 0 0.1 105 1.144 0 0 0 0 0 7 2 0 22 -20 0 0.7 2 4 0
0 0 0.1 78 1.059 0 0 0 0 0 7 2 0 22 -20 0 0.7 2 4 0
0 0 0.1 96 1.042 0 0 0 0 0 7 2 0 22 -20 0 0.7 2 4 0
0 0 0.1 102 1.189 0 0 0 0 0 7 2 0 22 -20 0 0.7 2 4 0
0 0 0.1 84 0.951 0 0 0 0 0 7 2 0 22 -20 0 0.7 2 4 0
0 0 0.1 81 1.128 0 0 0 0 0 7 2 0 22 -20 0 0.7 5 4 0
0 0 0.1 93 0.891 0 0 0 0 0 7 2 0 22 -20 0 0.7 5 4 0
0 0 0.1 99 0.883 0 0 0 0 0 7 2 0 22 -20 0 0.7 5 4 0
0 0 0.1 75 0.878 0 0 0 0 0 7 2 0 22 -20 0 0.7 5 4 0
0 0 0.1 87 0.897 0 0 0 0 0 7 2 0 22 -20 0 0.7 5 4 0
0 0 0.1 99 1.192 0 0 0 0 5 6 3 0 22 -20 0 0.7 2 4 0
0 0 0.1 93 1.01 0 0 0 0 5 6 3 0 22 -20 0 0.7 2 4 0
0 0 0.1 78 1.131 0 0 0 0 5 6 3 0 22 -20 0 0.7 2 4 0
0 0 0.1 90 1.069 0 0 0 0 0 6 3 1 22 -20 0 0.7 3 4 0
0 0 0.1 102 1.192 0 0 0 0 0 6 3 1 22 -20 0 0.7 3 4 0
0 0 0.1 81 0.824 0 0 0 0 0 6 3 1 22 -20 0 0.7 3 4 0
0 0 0.1 105 1.169 0 0 0 0 0 7 2 0 0 0 0 1 2 6 0
0 0 0.1 87 0.892 0 0 0 0 0 7 2 0 0 0 0 1 2 6 0
0 0 0.1 102 1.172 0 0 0 0 0 7 2 0 0 0 0 1 2 6 0
0 0 0.1 93 1.172 0 0 0 0 0 7 2 0 0 0 0 1 2 6 0
0 0 0.1 75 1.009 0 0 0 0 0 7 2 0 0 0 0 1 2 6 0
0 0 0.1 78 1.197 0 0 0 0 0 7 2 0 0 0 0 1 2 6 0
0 0 0.1 81 0.826 0 0 0 0 0 7 2 0 0 0 0 1 2 6 0
0 0 0.1 81 1.146 0 0 0 0 0 7 2 0 0 0 0 1 2 6 0
0 0 0.1 93 0.993 0 0 0 0 0 7 2 0 0 0 0 1 2 6 0
0 0 0.1 87 1.015 0 0 0 0 0 7 2 0 0 0 0 1 2 6 0
0 0 0.1 84 0.967 0 0 0 0 0 7 2 0 0 0 0 1 2 6 0
0 0 0.1 81 0.892 0 0 0 0 0 7 2 0 0 0 0 1 2 6 0
0 0 0.1 90 1.193 0 0 0 0 0 7 2 0 0 0 0 1 2 6 0
0 0 0.1 84 1.063 0 0 0 0 0 7 2 0 0 0 0 1 2 6 0
0 0 0.1 78 1.033 0 0 0 0 0 7 2 0 0 0 0 1 2 6 0
0 0 0.1 81 0.857 0 0 0 0 0 7 2 0 0 0 0 1 2 6 0
0 0 0.1 99 1.08 0 0 0 0 0 7 2 0 0 0 0 1 2 6 0
0 0 0.1 105 1.1 0 0 0 0 0 7 2 0 0 0 0 1 2 6 0
0 0 0.1 102 1.182 0 0 0 0 0 7 2 0 0 0 0 1 2 6 0
0 0 0.1 90 0.853 0 0 0 0 0 7 2 0 0 0 0 1 2 6 0
0 0 0.1 87 1.06 0 0 0 0 0 7 2 0 0 0 0 1 2 6 0
0 0 0.1 84 1.084 0 0 0 0 0 7 2 0 0 0 0 1 2 6 0
0 0 0.1 75 0.84 0 0 0 0 0 7 2 0 0 0 0 1 2 6 0
0 0 0.1 84 0.828 0 0 0 0 0 7 2 0 0 0 0 1 2 6 0
0 0 0.1 99 0.913 0 0 0 0 0 7 2 0 0 0 0 1 2 6 0
0 0 0.1 96 1.095 0 0 0 0 0 7 2 0 0 0 0 1 2 6 0
0 0 0.1 99 1.185 0 0 0 0 0 7 2 0 0 0 0 1 2 6 0
0 0 0.1 87 1.126 0 0 0 0 0 7 2 0 0 0 0 1 2 6 0
0 0 0.1 81 0.967 0 0 0 0 0 7 2 0 0 0 0 1 2 6 0
0 0 0.1 96 0.982 0 0 0 0 0 7 2 0 0 0 0 1 2 6 0
0 0 0.1 93 0.945 0 0 0 0 0 6 2 0 0 0 0 1 2 6 0
0 0 0.1 81 0.818 0 0 0 0 0 6 2 0 0 0 0 1 2 6 0
0 0 0.1 84 1.089 0 0 0 0 0 6 2 0 0 0 0 1 2 6 0
0 0 0.1 87 1.152 0 0 0 0 0 6 2 0 0 0 0 1 2 6 0
0 0 0.1 87 1.138 0 0 0 0 0 6 2 0 0 0 0 1 2 6 0
0 0 0.1 90 0.823 0 0 0 0 7 6 2 0 0 0 0 1 2 6 0
0 0 0.1 93 0.997 0 0 0 0 7 6 2 0 0 0 0 1 2 6 0
0 0 0.1 87 1.072 0 0 0 0 7 6 2 0 0 0 0 1 2 6 0
0 0 0.1 93 0.874 0 0 0 0 7 6 2 0 0 0 0 1 2 6 0
0 0 0.1 90 0.921 0 0 0 0 7 6 2 0 0 0 0 1 2 6 0
0 0 0.1 90 1.128 0 0 0 0 7 6 2 0 0 0 0 1 2 6 0
0 0 0.1 90 1.166 0 0 0 0 7 6 2 0 0 0 0 1 2 6 0
0 0 0.1 84 1.151 0 0 0 0 7 6 2 0 0 0 0 1 2 6 0
0 0 0.1 93 1.154 0 0 0 0 7 6 2 0 0 0 0 1 2 6 0
0 0 0.1 90 0.93 0 0 0 0 7 6 2 0 0 0 0 1 2 6 0
0 0 0.1 93 0.925 0 0 0 0 0 6 3 0 0 0 0 1 2 6 0
0 0 0.1 90 1.13 0 0 0 0 0 6 3 0 0 0 0 1 2 6 0
0 0 0.1 87 0.803 0 0 0 0 0 6 3 0 0 0 0 1 2 6 0
0 0 0.1 96 0.808 0 0 0 0 0 6 3 0 0 0 0 1 2 6 0
0 0 0.1 96 0.815 0 0 0 0 0 6 3 0 0 0 0 1 2 6 0
0 0 0.1 93 0.819 0 0 0 0 0 6 3 0 0 0 0 1 2 6 0
0 0 0.1 96 1.191 0 0 0 0 0 6 3 0 0 0 0 1 2 6 0
0 0 0.1 99 1.185 0 0 0 0 0 6 3 0 0 0 0 1 2 6 0
0 0 0.1 96 1.083 0 0 0 0 0 6 3 0 0 0 0 1 2 6 0
0 0 0.1 93 1.115 0 0 0 0 0 6 3 0 0 0 0 1 2 6 0
0 0 0.1 90 1.08 0 0 0 0 0 6 3 0 0 0 0 1 2 6 0
0 0 0.1 84 0.926 0 0 0 0 0 6 3 0 0 0 0 1 2 6 0
0 0 0.1 81 1.019 0 0 0 0 0 6 3 0 0 0 0 1 2 6 0
0 0 0.1 87 1.19 0 0 0 0 0 6 3 0 0 0 0 1 2 6 0
0 0 0.1 90 1.013 0 0 0 0 0 6 3 0 0 0 0 1 2 6 0
0 0 0.1 87 0.815 0 0 0 0 0 7 2 0 22 -20 0 0.7 2 4 1
0 0 0.1 90 0.899 0 0 0 0 0 7 2 0 22 -20 0 0.7 2 4 0
0 0 0.1 102 1.192 0 0 0 0 0 7 2 0 22 -20 0 0.7 2 4 0
0 0 0.1 96 1.155 0 0 0 0 0 7 2 0 22 -20 0 0.7 2 4 0
0 0 0.1 75 0.897 0 0 0 0 0 7 2 0 22 -20 0 0.7 2 4 0
0 0 0.1 105 1.103 0 0 0 0 0 7 2 0 22 -20 0 0.7 5 4 0
0 0 0.1 93 1.026 0 0 0 0 0 7 2 0 22 -20 0 0.7 5 4 0
0 0 0.1 84 0.923 0 0 0 0 0 7 2 0 22 -20 0 0.7 5 4 0
0 0 0.1 99 1.078 0 0 0 0 0 7 2 0 22 -20 0 0.7 5 4 0
0 0 0.1 81 0.935 0 0 0 0 0 7 2 0 22 -20 0 0.7 5 4 0
0 0 0.1 78 0.883 0 0 0 0 5 6 3 0 22 -20 0 0.7 2 4 0
0 0 0.1 105 1.168 0 0 0 0 5 6 3 0 22 -20 0 0.7 2 4 0
0 0 0.1 75 0.81 0 0 0 0 5 6 3 0 22 -20 0 0.7 2 4 0
0 0 0.1 81 1.186 0 0 0 0 0 6 3 1 22 -20 0 0.7 3 4 0
0 0 0.1 90 0.927 0 0 0 0 0 6 3 1 22 -20 0 0.7 3 4 0
0 0 0.1 78 1.067 0 0 0 0 0 6 3 1 22 -20 0 0.7 3 4 0
0 0 0.1 99 1.014 0 0 0 0 0 7 2 0 22 -20 0 0.7 2 4 0
0 0 0.1 102 1.128 0 0 0 0 0 7 2 0 22 -20 0 0.7 2 4 0
0 0 0.1 93 0.875 0 0 0 0 0 7 2 0 22 -20 0 0.7 2 4 0
0 0 0.1 87 0.96 0 0 0 0 0 7 2 0 22 -20 0 0.7 2 4 0
0 0 0.1 84 0.872 0 0 0 0 0 7 2 0 22 -20 0 0.7 2 4 0
0 0 0.1 96 0.915 0 0 0 0 0 7 2 0 22 -20 0 0.7 5 4 0
0 0 0.1 105 1.052 0 0 0 0 0 7 2 0 22 -20 0 0.7 5 4 0
0 0 0.1 90 0.921 0 0 0 0 0 7 2 0 22 -20 0 0.7 5 4 0
0 0 0.1 99 0.978 0 0 0 0 0 7 2 0 22 -20 0 0.7 5 4 0
0 0 0.1 102 1.093 0 0 0 0 0 7 2 0 22 -20 0 0.7 5 4 0
0 0 0.1 87 1.068 0 0 0 0 5 6 3 0 22 -20 0 0.7 2 4 0
0 0 0.1 96 0.925 0 0 0 0 5 6 3 0 22 -20 0 0.7 2 4 0
0 0 0.1 81 0.992 0 0 0 0 5 6 3 0 22 -20 0 0.7 2 4 0
0 0 0.1 75 0.917 0 0 0 0 0 6 3 1 22 -20 0 0.7 3 4 0
0 0 0.1 93 0.873 0 0 0 0 0 6 3 1 22 -20 0 0.7 3 4 0
0 0 0.1 78 0.945 0 0 0 0 0 6 3 1 22 -20 0 0.7 3 4 0
0 0 0.1 84 1.162 0 0 0 0 0 7 2 0 22 -20 0 0.7 2 4 0
0 0 0.1 90 0.958 0 0 0 0 0 7 2 0 22 -20 0 0.7 2 4 0
0 0 0.1 78 1.112 0 0 0 0 0 7 2 0 22 -20 0 0.7 2 4 0
0 0 0.1 93 0.914 0 0 0 0 0 7 2 0 22 -20 0 0.7 2 4 0
0 0 0.1 102 1.142 0 0 0 0 0 7 2 0 22 -20 0 0.7 2 4 0
0 0 0.1 81 0.869 0 0 0 0 0 7 2 0 22 -20 0 0.7 5 4 0
0 0 0.1 84 0.832 0 0 0 0 0 7 2 0 22 -20 0 0.7 5 4 0
0 0 0.1 99 0.917 0 0 0 0 0 7 2 0 22 -20 0 0.7 5 4 0
0 0 0.1 75 1.137 0 0 0 0 0 7 2 0 22 -20 0 0.7 5 4 0
0 0 0.1 87 1.179 0 0 0 0 0 7 2 0 22 -20 0 0.7 5 4 0
0 0 0.1 96 0.818 0 0 0 0 5 6 3 0 22 -20 0 0.7 2 4 0
0 0 0.1 105 1.104 0 0 0 0 5 6 3 0 22 -20 0 0.7 2 4 0
0 0 0.1 75 0.919 0 0 0 0 5 6 3 0 22 -20 0 0.7 2 4 0
0 0 0.1 78 1.061 0 0 0 0 0 6 3 1 22 -20 0 0.7 3 4 0
0 0 0.1 96 0.834 0 0 0 0 0 6 3 1 22 -20 0 0.7 3 4 0
0 0 0.1 84 1.191 0 0 0 0 0 6 3 1 22 -20 0 0.7 3 4 0
0 0 0.1 87 0.806 0 0 0 0 0 7 2 0 22 -20 0 0.7 2 4 0
0 0 0.1 90 1.016 0 0 0 0 0 7 2 0 22 -20 0 0.7 2 4 0
0 0 0.1 93 1.187 0 0 0 0 0 7 2 0 22 -20 0 0.7 2 4 0
0 0 0.1 99 0.841 0 0 0 0 0 7 2 0 22 -20 0 0.7 2 4 0
0 0 0.1 102 0.903 0 0 0 0 0 7 2 0 22 -20 0 0.7 2 4 0
0 0 0.1 105 1.159 0 0 0 0 0 7 2 0 22 -20 0 0.7 5 4 0
0 0 0.1 81 0.956 0 0 0 0 0 7 2 0 22 -20 0 0.7 5 4 0
0 0 0.1 93 1.118 0 0 0 0 0 7 2 0 22 -20 0 0.7 5 4 0
0 0 0.1 78 0.94 0 0 0 0 0 7 2 0 22 -20 0 0.7 5 4 0
0 0 0.1 90 0.856 0 0 0 0 0 7 2 0 22 -20 0 0.7 5 4 0
0 0 0.1 105 1.061 0 0 0 0 5 6 3 0 22 -20 0 0.7 2 4 0
0 0 0.1 84 1.018 0 0 0 0 5 6 3 0 22 -20 0 0.7 2 4 0
0 0 0.1 96 1.179 0 0 0 0 5 6 3 0 22 -20 0 0.7 2 4 0
0 0 0.1 99 1.029 0 0 0 0 0 6 3 1 22 -20 0 0.7 3 4 0
0 0 0.1 87 1.182 0 0 0 0 0 6 3 1 22 -20 0 0.7 3 4 0
0 0 0.1 75 1.113 0 0 0 0 0 6 3 1 22 -20 0 0.7 3 4 0
0 0 0.1 102 0.848 0 0 0 0 0 7 2 0 22 -20 0 0.7 2 4 0
0 0 0.1 81 1.135 0 0 0 0 0 7 2 0 22 -20 0 0.7 2 4 0
0 0 0.1 78 0.835 0 0 0 0 0 7 2 0 22 -20 0 0.7 2 4 0
0 0 0.1 90 1.1 0 0 0 0 0 7 2 0 22 -20 0 0.7 2 4 0
0 0 0.1 102 0.827 0 0 0 0 0 7 2 0 22 -20 0 0.7 2 4 0
0 0 0.1 96 0.832 0 0 0 0 0 7 2 0 22 -20 0 0.7 5 4 0
0 0 0.1 81 0.843 0 0 0 0 0 7 2 0 22 -20 0 0.7 5 4 0
0 0 0.1 87 0.963 0 0 0 0 0 7 2 0 22 -20 0 0.7 5 4 0
0 0 0.1 93 1.19 0 0 0 0 0 7 2 0 22 -20 0 0.7 5 4 0
0 0 0.1 84 0.866 0 0 0 0 0 7 2 0 22 -20 0 0.7 5 4 0
0 0 0.1 105 1.002 0 0 0 0 5 6 3 0 22 -20 0 0.7 2 4 0
0 0 0.1 75 0.881 0 0 0 0 5 6 3 0 22 -20 0 0.7 2 4 0
0 0 0.1 99 0.88 0 0 0 0 5 6 3 0 22 -20 0 0.7 2 4 0
0 0 0.1 75 0.872 0 0 0 0 0 6 3 1 22 -20 0 0.7 3 4 0
0 0 0.1 87 0.91 0 0 0 0 0 6 3 1 22 -20 0 0.7 3 4 0
0 0 0.1 90 0.853 0 0 0 0 0 6 3 1 22 -20 0 0.7 3 4 0
0 0 0.1 105 1.144 0 0 0 0 0 7 2 0 22 -20 0 0.7 2 4 0
0 0 0.1 78 1.059 0 0 0 0 0 7 2 0 22 -20 0 0.7 2 4 0
0 0 0.1 96 1.042 0 0 0 0 0 7 2 0 22 -20 0 0.7 2 4 0
0 0 0.1 102 1.189 0 0 0 0 0 7 2 0 22 -20 0 0.7 2 4 0
0 0 0.1 84 0.951 0 0 0 0 0 7 2 0 22 -20 0 0.7 2 4 0
0 0 0.1 81 1.128 0 0 0 0 0 7 2 0 22 -20 0 0.7 5 4 0
0 0 0.1 93 0.891 0 0 0 0 0 7 2 0 22 -20 0 0.7 5 4 0
0 0 0.1 99 0.883 0 0 0 0 0 7 2 0 22 -20 0 0.7 5 4 0
0 0 0.1 75 0.878 0 0 0 0 0 7 2 0 22 -20 0 0.7 5 4 0
0 0 0.1 87 0.897 0 0 0 0 0 7 2 0 22 -20 0 0.7 5 4 0
0 0 0.1 99 1.192 0 0 0 0 5 6 3 0 22 -20 0 0.7 2 4 0
0 0 0.1 93 1.01 0 0 0 0 5 6 3 0 22 -20 0 0.7 2 4 0
0 0 0.1 78 1.131 0 0 0 0 5 6 3 0 22 -20 0 0.7 2 4 0
0 0 0.1 90 1.069 0 0 0 0 0 6 3 1 22 -20 0 0.7 3 4 0
0 0 0.1 102 1.192 0 0 0 0 0 6 3 1 22 -20 0 0.7 3 4 0
0 0 0.1 81 0.824 0 0 0 0 0 6 3 1 22 -20 0 0.7 3 4 0
0 0 0.1 105 1.169 0 0 0 0 0 7 2 0 0 0 0 1 2 6 0
0 0 0.1 87 0.892 0 0 0 0 0 7 2 0 0 0 0 1 2 6 0
0 0 0.1 102 1.172 0 0 0 0 0 7 2 0 0 0 0 1 2 6 0
0 0 0.1 93 1.172 0 0 0 0 0 7 2 0 0 0 0 1 2 6 0
0 0 0.1 75 1.009 0 0 0 0 0 7 2 0 0 0 0 1 2 6 0
0 0 0.1 78 1.197 0 0 0 0 0 7 2 0 0 0 0 1 2 6 0
0 0 0.1 81 0.826 0 0 0 0 0 7 2 0 0 0 0 1 2 6 0
0 0 0.1 81 1.146 0 0 0 0 0 7 2 0 0 0 0 1 2 6 0
0 0 0.1 93 0.993 0 0 0 0 0 7 2 0 0 0 0 1 2 6 0
0 0 0.1 87 1.015 0 0 0 0 0 7 2 0 0 0 0 1 2 6 0
0 0 0.1 84 0.967 0 0 0 0 0 7 2 0 0 0 0 1 2 6 0
0 0 0.1 81 0.892 0 0 0 0 0 7 2 0 0 0 0 1 2 6 0
0 0 0.1 90 1.193 0 0 0 0 0 7 2 0 0 0 0 1 2 6 0
0 0 0.1 84 1.063 0 0 0 0 0 7 2 0 0 0 0 1 2 6 0
0 0 0.1 78 1.033 0 0 0 0 0 7 2 0 0 0 0 1 2 6 0
0 0 0.1 81 0.857 0 0 0 0 0 7 2 0 0 0 0 1 2 6 0
0 0 0.1 99 1.08 0 0 0 0 0 7 2 0 0 0 0 1 2 6 0
0 0 0.1 105 1.1 0 0 0 0 0 7 2 0 0 0 0 1 2 6 0
0 0 0.1 102 1.182 0 0 0 0 0 7 2 0 0 0 0 1 2 6 0
0 0 0.1 90 0.853 0 0 0 0 0 7 2 0 0 0 0 1 2 6 0
0 0 0.1 87 1.06 0 0 0 0 0 7 2 0 0 0 0 1 2 6 0
0 0 0.1 84 1.084 0 0 0 0 0 7 2 0 0 0 0 1 2 6 0
0 0 0.1 75 0.84 0 0 0 0 0 7 2 0 0 0 0 1 2 6 0
0 0 0.1 84 0.828 0 0 0 0 0 7 2 0 0 0 0 1 2 6 0
0 0 0.1 99 0.913 0 0 0 0 0 7 2 0 0 0 0 1 2 6 0
0 0 0.1 96 1.095 0 0 0 0 0 7 2 0 0 0 0 1 2 6 0
0 0 0.1 99 1.185 0 0 0 0 0 7 2 0 0 0 0 1 2 6 0
0 0 0.1 87 1.126 0 0 0 0 0 7 2 0 0 0 0 1 2 6 0
0 0 0.1 81 0.967 0 0 0 0 0 7 2 0 0 0 0 1 2 6 0
0 0 0.1 96 0.982 0 0 0 0 0 7 2 0 0 0 0 1 2 6 0
0 0 0.1 93 0.945 0 0 0 0 0 6 2 0 0 0 0 1 2 6 0
0 0 0.1 81 0.818 0 0 0 0 0 6 2 0 0 0 0 1 2 6 0
0 0 0.1 84 1.089 0 0 0 0 0 6 2 0 0 0 0 1 2 6 0
0 0 0.1 87 1.152 0 0 0 0 0 6 2 0 0 0 0 1 2 6 0
0 0 0.1 87 1.138 0 0 0 0 0 6 2 0 0 0 0 1 2 6 0
0 0 0.1 90 0.823 0 0 0 0 7 6 2 0 0 0 0 1 2 6 0
0 0 0.1 93 0.997 0 0 0 0 7 6 2 0 0 0 0 1 2 6 0
0 0 0.1 87 1.072 0 0 0 0 7 6 2 0 0 0 0 1 2 6 0
0 0 0.1 93 0.874 0 0 0 0 7 6 2 0 0 0 0 1 2 6 0
0 0 0.1 90 0.921 0 0 0 0 7 6 2 0 0 0 0 1 2 6 0
0 0 0.1 90 1.128 0 0 0 0 7 6 2 0 0 0 0 1 2 6 0
0 0 0.1 90 1.166 0 0 0 0 7 6 2 0 0 0 0 1 2 6 0
0 0 0.1 84 1.151 0 0 0 0 7 6 2 0 0 0 0 1 2 6 0
0 0 0.1 93 1.154 0 0 0 0 7 6 2 0 0 0 0 1 2 6 0
0 0 0.1 90 0.93 0 0 0 0 7 6 2 0 0 0 0 1 2 6 0
0 0 0.1 93 0.925 0 0 0 0 0 6 3 0 0 0 0 1 2 6 0
0 0 0.1 90 1.13 0 0 0 0 0 6 3 0 0 0 0 1 2 6 0
0 0 0.1 87 0.803 0 0 0 0 0 6 3 0 0 0 0 1 2 6 0
0 0 0.1 96 0.808 0 0 0 0 0 6 3 0 0 0 0 1 2 6 0
0 0 0.1 96 0.815 0 0 0 0 0 6 3 0 0 0 0 1 2 6 0
0 0 0.1 93 0.819 0 0 0 0 0 6 3 0 0 0 0 1 2 6 0
0 0 0.1 96 1.191 0 0 0 0 0 6 3 0 0 0 0 1 2 6 0
0 0 0.1 99 1.185 0 0 0 0 0 6 3 0 0 0 0 1 2 6 0
0 0 0.1 96 1.083 0 0 0 0 0 6 3 0 0 0 0 1 2 6 0
0 0 0.1 93 1.115 0 0 0 0 0 6 3 0 0 0 0 1 2 6 0
0 0 0.1 90 1.08 0 0 0 0 0 6 3 0 0 0 0 1 2 6 0
0 0 0.1 84 0.926 0 0 0 0 0 6 3 0 0 0 0 1 2 6 0
0 0 0.1 81 1.019 0 0 0 0 0 6 3 0 0 0 0 1 2 6 0
0 0 0.1 87 1.19 0 0 0 0 0 6 3 0 0 0 0 1 2 6 0
0 0 0.1 90 1.013 0 0 0 0 0 6 3 0 0 0 0 1 2 6 0
0 0 0.1 87 0.815 0 0 0 0 0 7 2 0 22 -20 0 0.7 2 4 1
0 0 0.1 90 0.899 0 0 0 0 0 7 2 0 22 -20 0 0.7 2 4 0
0 0 0.1 102 1.192 0 0 0 0 0 7 2 0 22 -20 0 0.7 2 4 0
0 0 0.1 96 1.155 0 0 0 0 0 7 2 0 22 -20 0 0.7 2 4 0
0 0 0.1 75 0.897 0 0 0 0 0 7 2 0 22 -20 0 0.7 2 4 0
0 0 0.1 105 1.103 0 0 0 0 0 7 2 0 22 -20 0 0.7 5 4 0
0 0 0.1 93 1.026 0 0 0 0 0 7 2 0 22 -20 0 0.7 5 4 0
0 0 0.1 84 0.923 0 0 0 0 0 7 2 0 22 -20 0 0.7 5 4 0
0 0 0.1 99 1.078 0 0 0 0 0 7 2 0 22 -20 0 0.7 5 4 0
0 0 0.1 81 0.935 0 0 0 0 0 7 2 0 22 -20 0 0.7 5 4 0
0 0 0.1 78 0.883 0 0 0 0 5 6 3 0 22 -20 0 0.7 2 4 0
0 0 0.1 105 1.168 0 0 0 0 5 6 3 0 22 -20 0 0.7 2 4 0
0 0 0.1 75 0.81 0 0 0 0 5 6 3 0 22 -20 0 0.7 2 4 0
0 0 0.1 81 1.186 0 0 0 0 0 6 3 1 22 -20 0 0.7 3 4 0
0 0 0.1 90 0.927 0 0 0 0 0 6 3 1 22 -20 0 0.7 3 4 0
0 0 0.1 78 1.067 0 0 0 0 0 6 3 1 22 -20 0 0.7 3 4 0
0 0 0.1 99 1.014 0 0 0 0 0 7 2 0 22 -20 0 0.7 2 4 0
0 0 0.1 102 1.128 0 0 0 0 0 7 2 0 22 -20 0 0.7 2 4 0
0 0 0.1 93 0.875 0 0 0 0 0 7 2 0 22 -20 0 0.7 2 4 0
0 0 0.1 87 0.96 0 0 0 0 0 7 2 0 22 -20 0 0.7 2 4 0
0 0 0.1 84 0.872 0 0 0 0 0 7 2 0 22 -20 0 0.7 2 4 0
0 0 0.1 96 0.915 0 0 0 0 0 7 2 0 22 -20 0 0.7 5 4 0
0 0 0.1 105 1.052 0 0 0 0 0 7 2 0 22 -20 0 0.7 5 4 0
0 0 0.1 90 0.921 0 0 0 0 0 7 2 0 22 -20 0 0.7 5 4 0
0 0 0.1 99 0.978 0 0 0 0 0 7 2 0 22 -20 0 0.7 5 4 0
0 0 0.1 102 1.093 0 0 0 0 0 7 2 0 22 -20 0 0.7 5 4 0
0 0 0.1 87 1.068 0 0 0 0 5 6 3 0 22 -20 0 0.7 2 4 0
0 0 0.1 96 0.925 0 0 0 0 5 6 3 0 22 -20 0 0.7 2 4 0
0 0 0.1 81 0.992 0 0 0 0 5 6 3 0 22 -20 0 0.7 2 4 0
0 0 0.1 75 0.917 0 0 0 0 0 6 3 1 22 -20 0 0.7 3 4 0
0 0 0.1 93 0.873 0 0 0 0 0 6 3 1 22 -20 0 0.7 3 4 0
0 0 0.1 78 0.945 0 0 0 0 0 6 3 1 22 -20 0 0.7 3 4 0
0 0 0.1 84 1.162 0 0 0 0 0 7 2 0 22 -20 0 0.7 2 4 0
0 0 0.1 90 0.958 0 0 0 0 0 7 2 0 22 -20 0 0.7 2 4 0
0 0 0.1 78 1.112 0 0 0 0 0 7 2 0 22 -20 0 0.7 2 4 0
0 0 0.1 93 0.914 0 0 0 0 0 7 2 0 22 -20 0 0.7 2 4 0
0 0 0.1 102 1.142 0 0 0 0 0 7 2 0 22 -20 0 0.7 2 4 0
0 0 0.1 81 0.869 0 0 0 0 0 7 2 0 22 -20 0 0.7 5 4 0
0 0 0.1 84 0.832 0 0 0 0 0 7 2 0 22 -20 0 0.7 5 4 0
0 0 0.1 99 0.917 0 0 0 0 0 7 2 0 22 -20 0 0.7 5 4 0
0 0 0.1 75 1.137 0 0 0 0 0 7 2 0 22 -20 0 0.7 5 4 0
0 0 0.1 87 1.179 0 0 0 0 0 7 2 0 22 -20 0 0.7 5 4 0
0 0 0.1 96 0.818 0 0 0 0 5 6 3 0 22 -20 0 0.7 2 4 0
0 0 0.1 105 1.104 0 0 0 0 5 6 3 0 22 -20 0 0.7 2 4 0
0 0 0.1 75 0.919 0 0 0 0 5 6 3 0 22 -20 0 0.7 2 4 0
0 0 0.1 78 1.061 0 0 0 0 0 6 3 1 22 -20 0 0.7 3 4 0
0 0 0.1 96 0.834 0 0 0 0 0 6 3 1 22 -20 0 0.7 3 4 0
0 0 0.1 84 1.191 0 0 0 0 0 6 3 1 22 -20 0 0.7 3 4 0
0 0 0.1 87 0.806 0 0 0 0 0 7 2 0 22 -20 0 0.7 2 4 0
0 0 0.1 90 1.016 0 0 0 0 0 7 2 0 22 -20 0 0.7 2 4 0
0 0 0.1 93 1.187 0 0 0 0 0 7 2 0 22 -20 0 0.7 2 4 0
0 0 0.1 99 0.841 0 0 0 0 0 7 2 0 22 -20 0 0.7 2 4 0
0 0 0.1 102 0.903 0 0 0 0 0 7 2 0 22 -20 0 0.7 2 4 0
0 0 0.1 105 1.159 0 0 0 0 0 7 2 0 22 -20 0 0.7 5 4 0
0 0 0.1 81 0.956 0 0 0 0 0 7 2 0 22 -20 0 0.7 5 4 0
0 0 0.1 93 1.118 0 0 0 0 0 7 2 0 22 -20 0 0.7 5 4 0
0 0 0.1 78 0.94 0 0 0 0 0 7 2 0 22 -20 0 0.7 5 4 0
0 0 0.1 90 0.856 0 0 0 0 0 7 2 0 22 -20 0 0.7 5 4 0
0 0 0.1 105 1.061 0 0 0 0 5 6 3 0 22 -20 0 0.7 2 4 0
0 0 0.1 84 1.018 0 0 0 0 5 6 3 0 22 -20 0 0.7 2 4 0
0 0 0.1 96 1.179 0 0 0 0 5 6 3 0 22 -20 0 0.7 2 4 0
0 0 0.1 99 1.029 0 0 0 0 0 6 3 1 22 -20 0 0.7 3 4 0
0 0 0.1 87 1.182 0 0 0 0 0 6 3 1 22 -20 0 0.7 3 4 0
0 0 0.1 75 1.113 0 0 0 0 0 6 3 1 22 -20 0 0.7 3 4 0
0 0 0.1 102 0.848 0 0 0 0 0 7 2 0 22 -20 0 0.7 2 4 0
0 0 0.1 81 1.135 0 0 0 0 0 7 2 0 22 -20 0 0.7 2 4 0
0 0 0.1 78 0.835 0 0 0 0 0 7 2 0 22 -20 0 0.7 2 4 0
0 0 0.1 90 1.1 0 0 0 0 0 7 2 0 22 -20 0 0.7 2 4 0
0 0 0.1 102 0.827 0 0 0 0 0 7 2 0 22 -20 0 0.7 2 4 0
0 0 0.1 96 0.832 0 0 0 0 0 7 2 0 22 -20 0 0.7 5 4 0
0 0 0.1 81 0.843 0 0 0 0 0 7 2 0 22 -20 0 0.7 5 4 0
0 0 0.1 87 0.963 0 0 0 0 0 7 2 0 22 -20 0 0.7 5 4 0
0 0 0.1 93 1.19 0 0 0 0 0 7 2 0 22 -20 0 0.7 5 4 0
0 0 0.1 84 0.866 0 0 0 0 0 7 2 0 22 -20 0 0.7 5 4 0
0 0 0.1 105 1.002 0 0 0 0 5 6 3 0 22 -20 0 0.7 2 4 0
0 0 0.1 75 0.881 0 0 0 0 5 6 3 0 22 -20 0 0.7 2 4 0
0 0 0.1 99 0.88 0 0 0 0 5 6 3 0 22 -20 0 0.7 2 4 0
0 0 0.1 75 0.872 0 0 0 0 0 6 3 1 22 -20 0 0.7 3 4 0
0 0 0.1 87 0.91 0 0 0 0 0 6 3 1 22 -20 0 0.7 3 4 0
0 0 0.1 90 0.853 0 0 0 0 0 6 3 1 22 -20 0 0.7 3 4 0
0 0 0.1 105 1.144 0 0 0 0 0 7 2 0 22 -20 0 0.7 2 4 0
0 0 0.1 78 1.059 0 0 0 0 0 7 2 0 22 -20 0 0.7 2 4 0
0 0 0.1 96 1.042 0 0 0 0 0 7 2 0 22 -20 0 0.7 2 4 0
0 0 0.1 102 1.189 0 0 0 0 0 7 2 0 22 -20 0 0.7 2 4 0
0 0 0.1 84 0.951 0 0 0 0 0 7 2 0 22 -20 0 0.7 2 4 0
0 0 0.1 81 1.128 0 0 0 0 0 7 2 0 22 -20 0 0.7 5 4 0
0 0 0.1 93 0.891 0 0 0 0 0 7 2 0 22 -20 0 0.7 5 4 0
0 0 0.1 99 0.883 0 0 0 0 0 7 2 0 22 -20 0 0.7 5 4 0
0 0 0.1 75 0.878 0 0 0 0 0 7 2 0 22 -20 0 0.7 5 4 0
0 0 0.1 87 0.897 0 0 0 0 0 7 2 0 22 -20 0 0.7 5 4 0
0 0 0.1 99 1.192 0 0 0 0 5 6 3 0 22 -20 0 0.7 2 4 0
0 0 0.1 93 1.01 0 0 0 0 5 6 3 0 22 -20 0 0.7 2 4 0
0 0 0.1 78 1.131 0 0 0 0 5 6 3 0 22 -20 0 0.7 2 4 0
0 0 0.1 90 1.069 0 0 0 0 0 6 3 1 22 -20 0 0.7 3 4 0
0 0 0.1 102 1.192 0 0 0 0 0 6 3 1 22 -20 0 0.7 3 4 0
0 0 0.1 81 0.824 0 0 0 0 0 6 3 1 22 -20 0 0.7 3 4 0
0 0 0.1 105 1.169 0 0 0 0 0 7 2 0 0 0 0 1 2 6 0
0 0 0.1 87 0.892 0 0 0 0 0 7 2 0 0 0 0 1 2 6 0
0 0 0.1 102 1.172 0 0 0 0 0 7 2 0 0 0 0 1 2 6 0
0 0 0.1 93 1.172 0 0 0 0 0 7 2 0 0 0 0 1 2 6 0
0 0 0.1 75 1.009 0 0 0 0 0 7 2 0 0 0 0 1 2 6 0
0 0 0.1 78 1.197 0 0 0 0 0 7 2 0 0 0 0 1 2 6 0
0 0 0.1 81 0.826 0 0 0 0 0 7 2 0 0 0 0 1 2 6 0
0 0 0.1 81 1.146 0 0 0 0 0 7 2 0 0 0 0 1 2 6 0
0 0 0.1 93 0.993 0 0 0 0 0 7 2 0 0 0 0 1 2 6 0
0 0 0.1 87 1.015 0 0 0 0 0 7 2 0 0 0 0 1 2 6 0
0 0 0.1 84 0.967 0 0 0 0 0 7 2 0 0 0 0 1 2 6 0
0 0 0.1 81 0.892 0 0 0 0 0 7 2 0 0 0 0 1 2 6 0
0 0 0.1 90 1.193 0 0 0 0 0 7 2 0 0 0 0 1 2 6 0
0 0 0.1 84 1.063 0 0 0 0 0 7 2 0 0 0 0 1 2 6 0
0 0 0.1 78 1.033 0 0 0 0 0 7 2 0 0 0 0 1 2 6 0
0 0 0.1 81 0.857 0 0 0 0 0 7 2 0 0 0 0 1 2 6 0
0 0 0.1 99 1.08 0 0 0 0 0 7 2 0 0 0 0 1 2 6 0
0 0 0.1 105 1.1 0 0 0 0 0 7 2 0 0 0 0 1 2 6 0
0 0 0.1 102 1.182 0 0 0 0 0 7 2 0 0 0 0 1 2 6 0
0 0 0.1 90 0.853 0 0 0 0 0 7 2 0 0 0 0 1 2 6 0
0 0 0.1 87 1.06 0 0 0 0 0 7 2 0 0 0 0 1 2 6 0
0 0 0.1 84 1.084 0 0 0 0 0 7 2 0 0 0 0 1 2 6 0
0 0 0.1 75 0.84 0 0 0 0 0 7 2 0 0 0 0 1 2 6 0
0 0 0.1 84 0.828 0 0 0 0 0 7 2 0 0 0 0 1 2 6 0
0 0 0.1 99 0.913 0 0 0 0 0 7 2 0 0 0 0 1 2 6 0
0 0 0.1 96 1.095 0 0 0 0 0 7 2 0 0 0 0 1 2 6 0
0 0 0.1 99 1.185 0 0 0 0 0 7 2 0 0 0 0 1 2 6 0
0 0 0.1 87 1.126 0 0 0 0 0 7 2 0 0 0 0 1 2 6 0
0 0 0.1 81 0.967 0 0 0 0 0 7 2 0 0 0 0 1 2 6 0
0 0 0.1 96 0.982 0 0 0 0 0 7 2 0 0 0 0 1 2 6 0
0 0 0.1 93 0.945 0 0 0 0 0 6 2 0 0 0 0 1 2 6 0
0 0 0.1 81 0.818 0 0 0 0 0 6 2 0 0 0 0 1 2 6 0
0 0 0.1 84 1.089 0 0 0 0 0 6 2 0 0 0 0 1 2 6 0
0 0 0.1 87 1.152 0 0 0 0 0 6 2 0 0 0 0 1 2 6 0
0 0 0.1 87 1.138 0 0 0 0 0 6 2 0 0 0 0 1 2 6 0
0 0 0.1 90 0.823 0 0 0 0 7 6 2 0 0 0 0 1 2 6 0
0 0 0.1 93 0.997 0 0 0 0 7 6 2 0 0 0 0 1 2 6 0
0 0 0.1 87 1.072 0 0 0 0 7 6 2 0 0 0 0 1 2 6 0
0 0 0.1 93 0.874 0 0 0 0 7 6 2 0 0 0 0 1 2 6 0
0 0 0.1 90 0.921 0 0 0 0 7 6 2 0 0 0 0 1 2 6 0
0 0 0.1 90 1.128 0 0 0 0 7 6 2 0 0 0 0 1 2 6 0
0 0 0.1 90 1.166 0 0 0 0 7 6 2 0 0 0 0 1 2 6 0
0 0 0.1 84 1.151 0 0 0 0 7 6 2 0 0 0 0 1 2 6 0
0 0 0.1 93 1.154 0 0 0 0 7 6 2 0 0 0 0 1 2 6 0
0 0 0.1 90 0.93 0 0 0 0 7 6 2 0 0 0 0 1 2 6 0
0 0 0.1 93 0.925 0 0 0 0 0 6 3 0 0 0 0 1 2 6 0
0 0 0.1 90 1.13 0 0 0 0 0 6 3 0 0 0 0 1 2 6 0
0 0 0.1 87 0.803 0 0 0 0 0 6 3 0 0 0 0 1 2 6 0
0 0 0.1 96 0.808 0 0 0 0 0 6 3 0 0 0 0 1 2 6 0
0 0 0.1 96 0.815 0 0 0 0 0 6 3 0 0 0 0 1 2 6 0
0 0 0.1 93 0.819 0 0 0 0 0 6 3 0 0 0 0 1 2 6 0
0 0 0.1 96 1.191 0 0 0 0 0 6 3 0 0 0 0 1 2 6 0
0 0 0.1 99 1.185 0 0 0 0 0 6 3 0 0 0 0 1 2 6 0
0 0 0.1 96 1.083 0 0 0 0 0 6 3 0 0 0 0 1 2 6 0
0 0 0.1 93 1.115 0 0 0 0 0 6 3 0 0 0 0 1 2 6 0
0 0 0.1 90 1.08 0 0 0 0 0 6 3 0 0 0 0 1 2 6 0
0 0 0.1 84 0.926 0 0 0 0 0 6 3 0 0 0 0 1 2 6 0
0 0 0.1 81 1.019 0 0 0 0 0 6 3 0 0 0 0 1 2 6 0
0 0 0.1 87 1.19 0 0 0 0 0 6 3 0 0 0 0 1 2 6 0
0 0 0.1 90 1.013 0 0 0 0 0 6 3 0 0 0 0 1 2 6 0
