0 0 0.1 87 0.891 0 0 0 0 0 7 2 0 0 0 0 1 1 6 0
0 0 0.1 90 0.978 0 0 0 0 0 7 2 0 0 0 0 1 1 6 0
0 0 0.1 102 0.83 0 0 0 0 0 7 2 0 0 0 0 1 1 6 0
0 0 0.1 96 1.065 0 0 0 0 0 7 2 0 0 0 0 1 1 6 0
0 0 0.1 75 0.956 0 0 0 0 0 7 2 0 0 0 0 1 1 6 0
0 0 0.1 105 1.135 0 0 0 0 0 7 2 0 0 0 0 1 1 6 0
0 0 0.1 93 0.861 0 0 0 0 0 7 2 0 0 0 0 1 1 6 0
0 0 0.1 84 0.939 0 0 0 0 0 7 2 0 0 0 0 1 1 6 0
0 0 0.1 99 0.996 0 0 0 0 0 7 2 0 0 0 0 1 1 6 0
0 0 0.1 81 0.86 0 0 0 0 0 7 2 0 0 0 0 1 1 6 0
0 0 0.1 78 0.943 0 0 0 0 0 7 2 0 0 0 0 1 1 6 0
0 0 0.1 105 1.186 0 0 0 0 0 7 2 0 0 0 0 1 1 6 0
0 0 0.1 75 0.853 0 0 0 0 0 7 2 0 0 0 0 1 1 6 0
0 0 0.1 81 0.805 0 0 0 0 0 7 2 0 0 0 0 1 1 6 0
0 0 0.1 90 0.866 0 0 0 0 0 7 2 0 0 0 0 1 1 6 0
