0 0 0.1 105 1.04 0 0 0 0 0 7 2 0 0 0 0 1 2 6 0
0 0 0.1 81 0.96 0 0 0 0 0 7 2 0 0 0 0 1 2 6 0
0 0 0.1 96 0.959 0 0 0 0 0 7 2 0 0 0 0 1 2 6 0
0 0 0.1 93 1.127 0 0 0 0 0 7 2 0 0 0 0 1 2 6 0
0 0 0.1 99 0.895 0 0 0 0 0 7 2 0 0 0 0 1 2 6 0
0 0 0.1 102 1.131 0 0 0 0 0 7 2 0 0 0 0 1 2 6 0
0 0 0.1 84 1.014 0 0 0 0 0 7 2 0 0 0 0 1 2 6 0
0 0 0.1 96 1.172 0 0 0 0 0 7 2 0 0 0 0 1 2 6 0
0 0 0.1 78 1.02 0 0 0 0 0 7 2 0 0 0 0 1 2 6 0
0 0 0.1 84 1.105 0 0 0 0 0 7 2 0 0 0 0 1 2 6 0
0 0 0.1 93 0.828 0 0 0 0 0 7 2 0 0 0 0 1 2 6 0
0 0 0.1 78 1.118 0 0 0 0 0 7 2 0 0 0 0 1 2 6 0
0 0 0.1 93 1.054 0 0 0 0 0 7 2 0 0 0 0 1 2 6 0
0 0 0.1 90 0.954 0 0 0 0 0 7 2 0 0 0 0 1 2 6 0
0 0 0.1 84 1.027 0 0 0 0 0 7 2 0 0 0 0 1 2 6 0
0 0 0.1 96 1.169 0 0 0 0 7 6 2 0 0 0 0 1 2 6 0
0 0 0.1 90 1.191 0 0 0 0 7 6 2 0 0 0 0 1 2 6 0
0 0 0.1 87 1.174 0 0 0 0 7 6 2 0 0 0 0 1 2 6 0
0 0 0.1 99 0.953 0 0 0 0 7 6 2 0 0 0 0 1 2 6 0
0 0 0.1 87 0.903 0 0 0 0 7 6 2 0 0 0 0 1 2 6 0
0 0 0.1 90 0.903 0 0 0 0 7 6 2 0 0 0 0 1 2 6 0
0 0 0.1 102 0.879 0 0 0 0 7 6 2 0 0 0 0 1 2 6 0
0 0 0.1 90 0.855 0 0 0 0 7 6 2 0 0 0 0 1 2 6 0
0 0 0.1 87 1.05 0 0 0 0 7 6 2 0 0 0 0 1 2 6 0
0 0 0.1 99 0.87 0 0 0 0 7 6 2 0 0 0 0 1 2 6 0
0 0 0.1 78 1.147 0 0 0 0 0 7 2 0 0 0 0 1 2 6 0
0 0 0.1 81 1.196 0 0 0 0 0 7 2 0 0 0 0 1 2 6 0
0 0 0.1 93 1.195 0 0 0 0 0 7 2 0 0 0 0 1 2 6 0
0 0 0.1 99 1.157 0 0 0 0 0 7 2 0 0 0 0 1 2 6 0
0 0 0.1 75 1.156 0 0 0 0 0 7 2 0 0 0 0 1 2 6 0
