0 0 0.1 105 1.125 0 0 0 0 0 6 2 0 0 0 0 1 2 6 0
0 0 0.1 102 0.855 0 0 0 0 0 6 2 0 0 0 0 1 2 6 0
0 0 0.1 81 1.188 0 0 0 0 0 6 2 0 0 0 0 1 2 6 0
0 0 0.1 87 1.062 0 0 0 0 0 6 2 0 0 0 0 1 2 6 0
0 0 0.1 96 1.179 0 0 0 0 0 6 2 0 0 0 0 1 2 6 0
0 0 0.1 93 0.851 0 0 0 0 0 6 2 0 0 0 0 1 2 6 0
0 0 0.1 78 1.022 0 0 0 0 0 6 2 0 0 0 0 1 2 6 0
0 0 0.1 78 0.988 0 0 0 0 0 6 2 0 0 0 0 1 2 6 0
0 0 0.1 90 1.145 0 0 0 0 0 6 2 0 0 0 0 1 2 6 0
0 0 0.1 84 1.047 0 0 0 0 0 6 2 0 0 0 0 1 2 6 0
0 0 0.1 87 0.842 0 0 0 0 7 6 2 0 0 0 0 1 2 6 0
0 0 0.1 90 1.186 0 0 0 0 7 6 2 0 0 0 0 1 2 6 0
0 0 0.1 84 0.969 0 0 0 0 7 6 2 0 0 0 0 1 2 6 0
0 0 0.1 90 0.982 0 0 0 0 7 6 2 0 0 0 0 1 2 6 0
0 0 0.1 81 1.023 0 0 0 0 7 6 2 0 0 0 0 1 2 6 0
0 0 0.1 93 0.885 0 0 0 0 7 6 2 0 0 0 0 1 2 6 0
0 0 0.1 96 0.956 0 0 0 0 7 6 2 0 0 0 0 1 2 6 0
0 0 0.1 99 0.887 0 0 0 0 7 6 2 0 0 0 0 1 2 6 0
0 0 0.1 93 1.105 0 0 0 0 7 6 2 0 0 0 0 1 2 6 0
0 0 0.1 84 1.076 0 0 0 0 7 6 2 0 0 0 0 1 2 6 0
0 0 0.1 87 0.889 0 0 0 0 0 6 2 0 0 0 0 1 2 6 0
0 0 0.1 90 0.86 0 0 0 0 0 6 2 0 0 0 0 1 2 6 0
0 0 0.1 81 1.171 0 0 0 0 0 6 2 0 0 0 0 1 2 6 0
0 0 0.1 96 0.804 0 0 0 0 0 6 2 0 0 0 0 1 2 6 0
0 0 0.1 75 1.121 0 0 0 0 0 6 2 0 0 0 0 1 2 6 0
