0 0 0.1 87 0.962 0 0 0 0 0 6 3 0 99 0 0 0.7 2 4 0
0 0 0.1 90 1.03 0 0 0 0 0 6 3 0 99 0 0 0.7 2 4 0
0 0 0.1 102 0.941 0 0 0 0 0 6 3 0 99 0 0 0.7 2 4 0
0 0 0.1 96 1.069 0 0 0 0 0 6 3 0 99 0 0 0.7 2 4 0
0 0 0.1 75 0.811 0 0 0 0 0 6 3 0 99 0 0 0.7 2 4 0
0 0 0.1 105 0.961 0 0 0 0 0 6 3 0 99 0 0 0.7 2 4 0
0 0 0.1 93 0.88 0 0 0 0 0 6 3 0 99 0 0 0.7 2 4 0
0 0 0.1 84 1.143 0 0 0 0 0 6 3 0 99 0 0 0.7 2 4 0
0 0 0.1 99 1.189 0 0 0 0 0 6 3 0 99 0 0 0.7 2 4 0
0 0 0.1 81 0.93 0 0 0 0 0 6 3 0 99 0 0 0.7 2 4 0
0 0 0.1 78 1.094 0 0 0 0 0 6 3 0 99 0 0 0.7 2 4 0
0 0 0.1 105 0.937 0 0 0 0 0 6 3 0 99 0 0 0.7 2 4 0
0 0 0.1 75 1.191 0 0 0 0 7 6 3 0 99 0 0 0.7 2 4 0
0 0 0.1 81 0.959 0 0 0 0 0 5 0 0 99 0 0 0.7 3 4 0
0 0 0.1 90 0.952 0 0 0 0 0 6 3 0 99 0 0 0.7 2 4 0
0 0 0.1 78 1.025 0 0 0 0 0 6 3 0 99 0 0 0.7 2 4 0
0 0 0.1 99 0.986 0 0 0 0 0 6 3 0 99 0 0 0.7 2 4 0
0 0 0.1 102 0.879 0 0 0 0 0 6 3 0 99 0 0 0.7 2 4 0
0 0 0.1 93 0.971 0 0 0 0 0 6 3 0 99 0 0 0.7 2 4 0
0 0 0.1 87 0.838 0 0 0 0 0 6 3 0 99 0 0 0.7 2 4 0
0 0 0.1 84 0.847 0 0 0 0 0 6 3 0 99 0 0 0.7 2 4 0
0 0 0.1 96 0.977 0 0 0 0 0 6 3 0 99 0 0 0.7 2 4 0
0 0 0.1 105 0.881 0 0 0 0 0 6 3 0 99 0 0 0.7 2 4 0
0 0 0.1 90 0.972 0 0 0 0 0 6 3 0 99 0 0 0.7 2 4 0
0 0 0.1 99 1.193 0 0 0 0 0 6 3 0 99 0 0 0.7 2 4 0
0 0 0.1 102 1.132 0 0 0 0 0 6 3 0 99 0 0 0.7 2 4 0
0 0 0.1 87 0.915 0 0 0 0 0 6 3 0 99 0 0 0.7 2 4 0
0 0 0.1 96 1.039 0 0 0 0 -7 6 3 0 99 0 0 0.7 2 4 0
0 0 0.1 81 1.16 0 0 0 0 0 5 0 0 99 0 0 0.7 3 4 0
0 0 0.1 75 0.982 0 0 0 0 0 6 3 0 99 0 0 0.7 2 4 0
0 0 0.1 93 0.859 0 0 0 0 0 6 3 0 99 0 0 0.7 2 4 0
0 0 0.1 78 0.852 0 0 0 0 0 6 3 0 99 0 0 0.7 2 4 0
0 0 0.1 84 0.81 0 0 0 0 0 6 3 0 99 0 0 0.7 2 4 0
0 0 0.1 90 1.095 0 0 0 0 0 6 3 0 99 0 0 0.7 2 4 0
0 0 0.1 78 0.95 0 0 0 0 0 6 3 0 99 0 0 0.7 2 4 0
0 0 0.1 93 1.03 0 0 0 0 0 6 3 0 99 0 0 0.7 2 4 0
0 0 0.1 102 1.131 0 0 0 0 0 6 3 0 99 0 0 0.7 2 4 0
0 0 0.1 81 1.126 0 0 0 0 0 6 3 0 99 0 0 0.7 2 4 0
0 0 0.1 84 1.15 0 0 0 0 0 6 3 0 99 0 0 0.7 2 4 0
0 0 0.1 99 0.845 0 0 0 0 0 6 3 0 99 0 0 0.7 2 4 0
0 0 0.1 75 1.182 0 0 0 0 0 6 3 0 99 0 0 0.7 2 4 0
0 0 0.1 87 1.028 0 0 0 0 0 6 3 0 99 0 0 0.7 2 4 0
0 0 0.1 96 0.815 0 0 0 0 0 6 3 0 99 0 0 0.7 2 4 0
0 0 0.1 105 0.899 0 0 0 0 7 6 3 0 99 0 0 0.7 2 4 0
0 0 0.1 75 1.192 0 0 0 0 0 5 0 0 99 0 0 0.7 3 4 0
0 0 0.1 78 1.155 0 0 0 0 0 6 3 0 99 0 0 0.7 2 4 0
0 0 0.1 96 0.897 0 0 0 0 0 6 3 0 99 0 0 0.7 2 4 0
0 0 0.1 84 1.103 0 0 0 0 0 6 3 0 99 0 0 0.7 2 4 0
0 0 0.1 87 1.026 0 0 0 0 0 6 3 0 99 0 0 0.7 2 4 0
0 0 0.1 90 0.923 0 0 0 0 0 6 3 0 99 0 0 0.7 2 4 0
0 0 0.1 93 1.078 0 0 0 0 0 6 3 0 99 0 0 0.7 2 4 0
0 0 0.1 99 0.935 0 0 0 0 0 6 3 0 99 0 0 0.7 2 4 0
0 0 0.1 102 0.883 0 0 0 0 0 6 3 0 99 0 0 0.7 2 4 0
0 0 0.1 105 1.168 0 0 0 0 0 6 3 0 99 0 0 0.7 2 4 0
0 0 0.1 81 0.81 0 0 0 0 0 6 3 0 99 0 0 0.7 2 4 0
0 0 0.1 93 1.186 0 0 0 0 0 6 3 0 99 0 0 0.7 2 4 0
0 0 0.1 78 0.927 0 0 0 0 0 6 3 0 99 0 0 0.7 2 4 0
0 0 0.1 90 1.067 0 0 0 0 0 6 3 0 99 0 0 0.7 2 4 0
0 0 0.1 105 1.014 0 0 0 0 -7 6 3 0 99 0 0 0.7 2 4 0
0 0 0.1 84 1.128 0 0 0 0 0 5 0 0 99 0 0 0.7 3 4 0
