0 0 0.1 180 0.5 0 0 0 0 0 0 2 0 0 0 0 1 1 0 0
0 0 0.1 270 0.5 0 0 0 0 0 0 2 0 0 0 0 1 1 0 0
0 0 0.1 225 0.5 0 0 0 0 0 0 2 0 0 0 0 1 1 0 0
0 0 0.1 0 0.5 0 0 0 0 0 0 2 0 0 0 0 1 1 0 0
0 0 0.1 315 0.5 0 0 0 0 0 0 2 0 0 0 0 1 1 0 0
0 0 0.1 135 0.5 0 0 0 0 0 0 2 0 0 0 0 1 1 0 0
0 0 0.1 45 0.5 0 0 0 0 0 0 2 0 0 0 0 1 1 0 0
0 0 0.1 90 0.5 0 0 0 0 0 0 2 0 0 0 0 1 1 0 0
0 0 0.1 0 0.5 0 0 0 0 0 0 2 0 0 0 0 1 1 0 0
0 0 0.1 45 0.5 0 0 0 0 0 0 2 0 0 0 0 1 1 0 0
0 0 0.1 90 0.5 0 0 0 0 0 0 2 0 0 0 0 1 1 0 0
0 0 0.1 315 0.5 0 0 0 0 0 0 2 0 0 0 0 1 1 0 0
0 0 0.1 225 0.5 0 0 0 0 0 0 2 0 0 0 0 1 1 0 0
0 0 0.1 270 0.5 0 0 0 0 0 0 2 0 0 0 0 1 1 0 0
0 0 0.1 135 0.5 0 0 0 0 0 0 2 0 0 0 0 1 1 0 0
0 0 0.1 180 0.5 0 0 0 0 0 0 2 0 0 0 0 1 1 0 0
0 0 0.1 45 0.5 0 0 0 0 0 0 2 0 0 0 0 1 1 0 0
0 0 0.1 90 0.5 0 0 0 0 0 0 2 0 0 0 0 1 1 0 0
0 0 0.1 0 0.5 0 0 0 0 0 0 2 0 0 0 0 1 1 0 0
0 0 0.1 225 0.5 0 0 0 0 0 0 2 0 0 0 0 1 1 0 0
0 0 0.1 135 0.5 0 0 0 0 0 0 2 0 0 0 0 1 1 0 0
0 0 0.1 270 0.5 0 0 0 0 0 0 2 0 0 0 0 1 1 0 0
0 0 0.1 315 0.5 0 0 0 0 0 0 2 0 0 0 0 1 1 0 0
0 0 0.1 180 0.5 0 0 0 0 0 0 2 0 0 0 0 1 1 0 0
0 0 0.1 225 0.5 0 0 0 0 0 0 2 0 0 0 0 1 1 0 0
0 0 0.1 180 0.5 0 0 0 0 0 0 2 0 0 0 0 1 1 0 0
0 0 0.1 315 0.5 0 0 0 0 0 0 2 0 0 0 0 1 1 0 0
0 0 0.1 90 0.5 0 0 0 0 0 0 2 0 0 0 0 1 1 0 0
0 0 0.1 0 0.5 0 0 0 0 0 0 2 0 0 0 0 1 1 0 0
0 0 0.1 270 0.5 0 0 0 0 0 0 2 0 0 0 0 1 1 0 0
0 0 0.1 45 0.5 0 0 0 0 0 0 2 0 0 0 0 1 1 0 0
0 0 0.1 135 0.5 0 0 0 0 0 0 2 0 0 0 0 1 1 0 0
0 0 0.1 180 0.5 0 0 0 0 0 0 2 0 0 0 0 1 1 0 0
0 0 0.1 225 0.5 0 0 0 0 0 0 2 0 0 0 0 1 1 0 0
0 0 0.1 270 0.5 0 0 0 0 0 0 2 0 0 0 0 1 1 0 0
0 0 0.1 45 0.5 0 0 0 0 0 0 2 0 0 0 0 1 1 0 0
0 0 0.1 90 0.5 0 0 0 0 0 0 2 0 0 0 0 1 1 0 0
0 0 0.1 315 0.5 0 0 0 0 0 0 2 0 0 0 0 1 1 0 0
0 0 0.1 0 0.5 0 0 0 0 0 0 2 0 0 0 0 1 1 0 0
0 0 0.1 135 0.5 0 0 0 0 0 0 2 0 0 0 0 1 1 0 0
0 0 0.1 90 0.5 0 0 0 0 0 0 2 0 0 0 0 1 1 0 0
0 0 0.1 0 0.5 0 0 0 0 0 0 2 0 0 0 0 1 1 0 0
0 0 0.1 270 0.5 0 0 0 0 0 0 2 0 0 0 0 1 1 0 0
0 0 0.1 180 0.5 0 0 0 0 0 0 2 0 0 0 0 1 1 0 0
0 0 0.1 315 0.5 0 0 0 0 0 0 2 0 0 0 0 1 1 0 0
0 0 0.1 225 0.5 0 0 0 0 0 0 2 0 0 0 0 1 1 0 0
0 0 0.1 45 0.5 0 0 0 0 0 0 2 0 0 0 0 1 1 0 0
0 0 0.1 135 0.5 0 0 0 0 0 0 2 0 0 0 0 1 1 0 0
0 0 0.1 135 0.5 0 0 0 0 0 0 2 0 0 0 0 1 1 0 0
0 0 0.1 180 0.5 0 0 0 0 0 0 2 0 0 0 0 1 1 0 0
0 0 0.1 225 0.5 0 0 0 0 0 0 2 0 0 0 0 1 1 0 0
0 0 0.1 270 0.5 0 0 0 0 0 0 2 0 0 0 0 1 1 0 0
0 0 0.1 315 0.5 0 0 0 0 0 0 2 0 0 0 0 1 1 0 0
0 0 0.1 45 0.5 0 0 0 0 0 0 2 0 0 0 0 1 1 0 0
0 0 0.1 0 0.5 0 0 0 0 0 0 2 0 0 0 0 1 1 0 0
0 0 0.1 90 0.5 0 0 0 0 0 0 2 0 0 0 0 1 1 0 0
0 0 0.1 180 0.5 0 0 0 0 0 0 2 0 0 0 0 1 1 0 0
0 0 0.1 270 0.5 0 0 0 0 0 0 2 0 0 0 0 1 1 0 0
0 0 0.1 45 0.5 0 0 0 0 0 0 2 0 0 0 0 1 1 0 0
0 0 0.1 135 0.5 0 0 0 0 0 0 2 0 0 0 0 1 1 0 0
0 0 0.1 315 0.5 0 0 0 0 0 0 2 0 0 0 0 1 1 0 0
0 0 0.1 0 0.5 0 0 0 0 0 0 2 0 0 0 0 1 1 0 0
0 0 0.1 225 0.5 0 0 0 0 0 0 2 0 0 0 0 1 1 0 0
0 0 0.1 90 0.5 0 0 0 0 0 0 2 0 0 0 0 1 1 0 0
0 0 0.1 45 0.5 0 0 0 0 0 0 2 0 0 0 0 1 1 0 0
0 0 0.1 225 0.5 0 0 0 0 0 0 2 0 0 0 0 1 1 0 0
0 0 0.1 270 0.5 0 0 0 0 0 0 2 0 0 0 0 1 1 0 0
0 0 0.1 90 0.5 0 0 0 0 0 0 2 0 0 0 0 1 1 0 0
0 0 0.1 180 0.5 0 0 0 0 0 0 2 0 0 0 0 1 1 0 0
0 0 0.1 0 0.5 0 0 0 0 0 0 2 0 0 0 0 1 1 0 0
0 0 0.1 135 0.5 0 0 0 0 0 0 2 0 0 0 0 1 1 0 0
0 0 0.1 315 0.5 0 0 0 0 0 0 2 0 0 0 0 1 1 0 0
0 0 0.1 225 0.5 0 0 0 0 0 0 2 0 0 0 0 1 1 0 0
0 0 0.1 180 0.5 0 0 0 0 0 0 2 0 0 0 0 1 1 0 0
0 0 0.1 270 0.5 0 0 0 0 0 0 2 0 0 0 0 1 1 0 0
0 0 0.1 0 0.5 0 0 0 0 0 0 2 0 0 0 0 1 1 0 0
0 0 0.1 315 0.5 0 0 0 0 0 0 2 0 0 0 0 1 1 0 0
0 0 0.1 45 0.5 0 0 0 0 0 0 2 0 0 0 0 1 1 0 0
0 0 0.1 135 0.5 0 0 0 0 0 0 2 0 0 0 0 1 1 0 0
0 0 0.1 90 0.5 0 0 0 0 0 0 2 0 0 0 0 1 1 0 0
0 0 0.1 0 0.5 0 0 0 0 0 0 2 0 0 0 0 1 1 0 0
0 0 0.1 180 0.5 0 0 0 0 0 0 2 0 0 0 0 1 1 0 0
0 0 0.1 135 0.5 0 0 0 0 0 0 2 0 0 0 0 1 1 0 0
0 0 0.1 315 0.5 0 0 0 0 0 0 2 0 0 0 0 1 1 0 0
0 0 0.1 45 0.5 0 0 0 0 0 0 2 0 0 0 0 1 1 0 0
0 0 0.1 270 0.5 0 0 0 0 0 0 2 0 0 0 0 1 1 0 0
0 0 0.1 225 0.5 0 0 0 0 0 0 2 0 0 0 0 1 1 0 0
0 0 0.1 90 0.5 0 0 0 0 0 0 2 0 0 0 0 1 1 0 0
0 0 0.1 180 0.5 0 0 0 0 0 0 2 0 0 0 0 1 1 0 0
0 0 0.1 90 0.5 0 0 0 0 0 0 2 0 0 0 0 1 1 0 0
0 0 0.1 0 0.5 0 0 0 0 0 0 2 0 0 0 0 1 1 0 0
0 0 0.1 45 0.5 0 0 0 0 0 0 2 0 0 0 0 1 1 0 0
0 0 0.1 315 0.5 0 0 0 0 0 0 2 0 0 0 0 1 1 0 0
0 0 0.1 225 0.5 0 0 0 0 0 0 2 0 0 0 0 1 1 0 0
0 0 0.1 270 0.5 0 0 0 0 0 0 2 0 0 0 0 1 1 0 0
0 0 0.1 135 0.5 0 0 0 0 0 0 2 0 0 0 0 1 1 0 0
0 0 0.1 135 0.5 0 0 0 0 0 0 2 0 0 0 0 1 1 0 0
0 0 0.1 0 0.5 0 0 0 0 0 0 2 0 0 0 0 1 1 0 0
0 0 0.1 45 0.5 0 0 0 0 0 0 2 0 0 0 0 1 1 0 0
0 0 0.1 270 0.5 0 0 0 0 0 0 2 0 0 0 0 1 1 0 0
0 0 0.1 90 0.5 0 0 0 0 0 0 2 0 0 0 0 1 1 0 0
0 0 0.1 180 0.5 0 0 0 0 0 0 2 0 0 0 0 1 1 0 0
0 0 0.1 225 0.5 0 0 0 0 0 0 2 0 0 0 0 1 1 0 0
0 0 0.1 315 0.5 0 0 0 0 0 0 2 0 0 0 0 1 1 0 0
0 0 0.1 315 0.5 0 0 0 0 0 0 2 0 0 0 0 1 1 0 0
0 0 0.1 0 0.5 0 0 0 0 0 0 2 0 0 0 0 1 1 0 0
0 0 0.1 180 0.5 0 0 0 0 0 0 2 0 0 0 0 1 1 0 0
0 0 0.1 135 0.5 0 0 0 0 0 0 2 0 0 0 0 1 1 0 0
0 0 0.1 45 0.5 0 0 0 0 0 0 2 0 0 0 0 1 1 0 0
0 0 0.1 90 0.5 0 0 0 0 0 0 2 0 0 0 0 1 1 0 0
0 0 0.1 225 0.5 0 0 0 0 0 0 2 0 0 0 0 1 1 0 0
0 0 0.1 270 0.5 0 0 0 0 0 0 2 0 0 0 0 1 1 0 0
0 0 0.1 180 0.5 0 0 0 0 0 0 2 0 0 0 0 1 1 0 0
0 0 0.1 135 0.5 0 0 0 0 0 0 2 0 0 0 0 1 1 0 0
0 0 0.1 315 0.5 0 0 0 0 0 0 2 0 0 0 0 1 1 0 0
0 0 0.1 225 0.5 0 0 0 0 0 0 2 0 0 0 0 1 1 0 0
0 0 0.1 0 0.5 0 0 0 0 0 0 2 0 0 0 0 1 1 0 0
0 0 0.1 270 0.5 0 0 0 0 0 0 2 0 0 0 0 1 1 0 0
0 0 0.1 45 0.5 0 0 0 0 0 0 2 0 0 0 0 1 1 0 0
0 0 0.1 90 0.5 0 0 0 0 0 0 2 0 0 0 0 1 1 0 0
0 0 0.1 90 0.5 0 0 0 0 0 0 2 0 0 0 0 1 1 0 0
0 0 0.1 0 0.5 0 0 0 0 0 0 2 0 0 0 0 1 1 0 0
0 0 0.1 225 0.5 0 0 0 0 0 0 2 0 0 0 0 1 1 0 0
0 0 0.1 270 0.5 0 0 0 0 0 0 2 0 0 0 0 1 1 0 0
0 0 0.1 315 0.5 0 0 0 0 0 0 2 0 0 0 0 1 1 0 0
0 0 0.1 180 0.5 0 0 0 0 0 0 2 0 0 0 0 1 1 0 0
0 0 0.1 135 0.5 0 0 0 0 0 0 2 0 0 0 0 1 1 0 0
0 0 0.1 45 0.5 0 0 0 0 0 0 2 0 0 0 0 1 1 0 0
0 0 0.1 90 0.5 0 0 0 0 0 0 2 0 0 0 0 1 1 0 0
0 0 0.1 225 0.5 0 0 0 0 0 0 2 0 0 0 0 1 1 0 0
0 0 0.1 0 0.5 0 0 0 0 0 0 2 0 0 0 0 1 1 0 0
0 0 0.1 135 0.5 0 0 0 0 0 0 2 0 0 0 0 1 1 0 0
0 0 0.1 45 0.5 0 0 0 0 0 0 2 0 0 0 0 1 1 0 0
0 0 0.1 180 0.5 0 0 0 0 0 0 2 0 0 0 0 1 1 0 0
0 0 0.1 270 0.5 0 0 0 0 0 0 2 0 0 0 0 1 1 0 0
0 0 0.1 315 0.5 0 0 0 0 0 0 2 0 0 0 0 1 1 0 0
0 0 0.1 225 0.5 0 0 0 0 0 0 2 0 0 0 0 1 1 0 0
0 0 0.1 90 0.5 0 0 0 0 0 0 2 0 0 0 0 1 1 0 0
0 0 0.1 0 0.5 0 0 0 0 0 0 2 0 0 0 0 1 1 0 0
0 0 0.1 315 0.5 0 0 0 0 0 0 2 0 0 0 0 1 1 0 0
0 0 0.1 270 0.5 0 0 0 0 0 0 2 0 0 0 0 1 1 0 0
0 0 0.1 135 0.5 0 0 0 0 0 0 2 0 0 0 0 1 1 0 0
0 0 0.1 180 0.5 0 0 0 0 0 0 2 0 0 0 0 1 1 0 0
0 0 0.1 45 0.5 0 0 0 0 0 0 2 0 0 0 0 1 1 0 0
0 0 0.1 135 0.5 0 0 0 0 0 0 2 0 0 0 0 1 1 0 0
0 0 0.1 315 0.5 0 0 0 0 0 0 2 0 0 0 0 1 1 0 0
0 0 0.1 225 0.5 0 0 0 0 0 0 2 0 0 0 0 1 1 0 0
0 0 0.1 45 0.5 0 0 0 0 0 0 2 0 0 0 0 1 1 0 0
0 0 0.1 90 0.5 0 0 0 0 0 0 2 0 0 0 0 1 1 0 0
0 0 0.1 0 0.5 0 0 0 0 0 0 2 0 0 0 0 1 1 0 0
0 0 0.1 270 0.5 0 0 0 0 0 0 2 0 0 0 0 1 1 0 0
0 0 0.1 180 0.5 0 0 0 0 0 0 2 0 0 0 0 1 1 0 0
0 0 0.1 315 0.5 0 0 0 0 0 0 2 0 0 0 0 1 1 0 0
0 0 0.1 135 0.5 0 0 0 0 0 0 2 0 0 0 0 1 1 0 0
0 0 0.1 180 0.5 0 0 0 0 0 0 2 0 0 0 0 1 1 0 0
0 0 0.1 90 0.5 0 0 0 0 0 0 2 0 0 0 0 1 1 0 0
0 0 0.1 270 0.5 0 0 0 0 0 0 2 0 0 0 0 1 1 0 0
0 0 0.1 45 0.5 0 0 0 0 0 0 2 0 0 0 0 1 1 0 0
0 0 0.1 0 0.5 0 0 0 0 0 0 2 0 0 0 0 1 1 0 0
0 0 0.1 225 0.5 0 0 0 0 0 0 2 0 0 0 0 1 1 0 0
0 0 0.1 180 0.5 0 0 0 0 0 0 2 0 0 0 0 1 1 0 0
0 0 0.1 0 0.5 0 0 0 0 0 0 2 0 0 0 0 1 1 0 0
0 0 0.1 135 0.5 0 0 0 0 0 0 2 0 0 0 0 1 1 0 0
0 0 0.1 45 0.5 0 0 0 0 0 0 2 0 0 0 0 1 1 0 0
0 0 0.1 315 0.5 0 0 0 0 0 0 2 0 0 0 0 1 1 0 0
0 0 0.1 270 0.5 0 0 0 0 0 0 2 0 0 0 0 1 1 0 0
0 0 0.1 225 0.5 0 0 0 0 0 0 2 0 0 0 0 1 1 0 0
0 0 0.1 90 0.5 0 0 0 0 0 0 2 0 0 0 0 1 1 0 0
0 0 0.1 225 0.5 0 0 0 0 0 0 2 0 0 0 0 1 1 0 0
0 0 0.1 180 0.5 0 0 0 0 0 0 2 0 0 0 0 1 1 0 0
0 0 0.1 315 0.5 0 0 0 0 0 0 2 0 0 0 0 1 1 0 0
0 0 0.1 135 0.5 0 0 0 0 0 0 2 0 0 0 0 1 1 0 0
0 0 0.1 90 0.5 0 0 0 0 0 0 2 0 0 0 0 1 1 0 0
0 0 0.1 0 0.5 0 0 0 0 0 0 2 0 0 0 0 1 1 0 0
0 0 0.1 270 0.5 0 0 0 0 0 0 2 0 0 0 0 1 1 0 0
0 0 0.1 45 0.5 0 0 0 0 0 0 2 0 0 0 0 1 1 0 0
0 0 0.1 270 0.5 0 0 0 0 0 0 2 0 0 0 0 1 1 0 0
0 0 0.1 45 0.5 0 0 0 0 0 0 2 0 0 0 0 1 1 0 0
0 0 0.1 315 0.5 0 0 0 0 0 0 2 0 0 0 0 1 1 0 0
0 0 0.1 90 0.5 0 0 0 0 0 0 2 0 0 0 0 1 1 0 0
0 0 0.1 0 0.5 0 0 0 0 0 0 2 0 0 0 0 1 1 0 0
0 0 0.1 225 0.5 0 0 0 0 0 0 2 0 0 0 0 1 1 0 0
0 0 0.1 180 0.5 0 0 0 0 0 0 2 0 0 0 0 1 1 0 0
0 0 0.1 135 0.5 0 0 0 0 0 0 2 0 0 0 0 1 1 0 0
0 0 0.1 45 0.5 0 0 0 0 0 0 2 0 0 0 0 1 1 0 0
0 0 0.1 270 0.5 0 0 0 0 0 0 2 0 0 0 0 1 1 0 0
0 0 0.1 225 0.5 0 0 0 0 0 0 2 0 0 0 0 1 1 0 0
0 0 0.1 315 0.5 0 0 0 0 0 0 2 0 0 0 0 1 1 0 0
0 0 0.1 0 0.5 0 0 0 0 0 0 2 0 0 0 0 1 1 0 0
0 0 0.1 180 0.5 0 0 0 0 0 0 2 0 0 0 0 1 1 0 0
0 0 0.1 90 0.5 0 0 0 0 0 0 2 0 0 0 0 1 1 0 0
0 0 0.1 135 0.5 0 0 0 0 0 0 2 0 0 0 0 1 1 0 0
0 0 0.1 90 0.5 0 0 0 0 0 0 2 0 0 0 0 1 1 0 0
0 0 0.1 315 0.5 0 0 0 0 0 0 2 0 0 0 0 1 1 0 0
0 0 0.1 225 0.5 0 0 0 0 0 0 2 0 0 0 0 1 1 0 0
0 0 0.1 270 0.5 0 0 0 0 0 0 2 0 0 0 0 1 1 0 0
0 0 0.1 45 0.5 0 0 0 0 0 0 2 0 0 0 0 1 1 0 0
0 0 0.1 0 0.5 0 0 0 0 0 0 2 0 0 0 0 1 1 0 0
0 0 0.1 135 0.5 0 0 0 0 0 0 2 0 0 0 0 1 1 0 0
0 0 0.1 180 0.5 0 0 0 0 0 0 2 0 0 0 0 1 1 0 1
0 0 0.1 225 0.5 0 0 0 0 30 0 2 0 0 0 0 1 1 1 0
0 0 0.1 0 0.5 0 0 0 0 30 0 2 0 0 0 0 1 1 1 0
0 0 0.1 315 0.5 0 0 0 0 30 0 2 0 0 0 0 1 1 1 0
0 0 0.1 90 0.5 0 0 0 0 30 0 2 0 0 0 0 1 1 1 0
0 0 0.1 135 0.5 0 0 0 0 30 0 2 0 0 0 0 1 1 1 0
0 0 0.1 45 0.5 0 0 0 0 30 0 2 0 0 0 0 1 1 1 0
0 0 0.1 180 0.5 0 0 0 0 30 0 2 0 0 0 0 1 1 1 0
0 0 0.1 270 0.5 0 0 0 0 30 0 2 0 0 0 0 1 1 1 0
0 0 0.1 180 0.5 0 0 0 0 30 0 2 0 0 0 0 1 1 1 0
0 0 0.1 225 0.5 0 0 0 0 30 0 2 0 0 0 0 1 1 1 0
0 0 0.1 270 0.5 0 0 0 0 30 0 2 0 0 0 0 1 1 1 0
0 0 0.1 90 0.5 0 0 0 0 30 0 2 0 0 0 0 1 1 1 0
0 0 0.1 45 0.5 0 0 0 0 30 0 2 0 0 0 0 1 1 1 0
0 0 0.1 315 0.5 0 0 0 0 30 0 2 0 0 0 0 1 1 1 0
0 0 0.1 0 0.5 0 0 0 0 30 0 2 0 0 0 0 1 1 1 0
0 0 0.1 135 0.5 0 0 0 0 30 0 2 0 0 0 0 1 1 1 0
0 0 0.1 225 0.5 0 0 0 0 30 0 2 0 0 0 0 1 1 1 0
0 0 0.1 45 0.5 0 0 0 0 30 0 2 0 0 0 0 1 1 1 0
0 0 0.1 270 0.5 0 0 0 0 30 0 2 0 0 0 0 1 1 1 0
0 0 0.1 135 0.5 0 0 0 0 30 0 2 0 0 0 0 1 1 1 0
0 0 0.1 0 0.5 0 0 0 0 30 0 2 0 0 0 0 1 1 1 0
0 0 0.1 315 0.5 0 0 0 0 30 0 2 0 0 0 0 1 1 1 0
0 0 0.1 180 0.5 0 0 0 0 30 0 2 0 0 0 0 1 1 1 0
0 0 0.1 90 0.5 0 0 0 0 30 0 2 0 0 0 0 1 1 1 0
0 0 0.1 225 0.5 0 0 0 0 30 0 2 0 0 0 0 1 1 1 0
0 0 0.1 0 0.5 0 0 0 0 30 0 2 0 0 0 0 1 1 1 0
0 0 0.1 270 0.5 0 0 0 0 30 0 2 0 0 0 0 1 1 1 0
0 0 0.1 135 0.5 0 0 0 0 30 0 2 0 0 0 0 1 1 1 0
0 0 0.1 315 0.5 0 0 0 0 30 0 2 0 0 0 0 1 1 1 0
0 0 0.1 45 0.5 0 0 0 0 30 0 2 0 0 0 0 1 1 1 0
0 0 0.1 90 0.5 0 0 0 0 30 0 2 0 0 0 0 1 1 1 0
0 0 0.1 180 0.5 0 0 0 0 30 0 2 0 0 0 0 1 1 1 0
0 0 0.1 45 0.5 0 0 0 0 30 0 2 0 0 0 0 1 1 1 0
0 0 0.1 90 0.5 0 0 0 0 30 0 2 0 0 0 0 1 1 1 0
0 0 0.1 180 0.5 0 0 0 0 30 0 2 0 0 0 0 1 1 1 0
0 0 0.1 270 0.5 0 0 0 0 30 0 2 0 0 0 0 1 1 1 0
0 0 0.1 135 0.5 0 0 0 0 30 0 2 0 0 0 0 1 1 1 0
0 0 0.1 225 0.5 0 0 0 0 30 0 2 0 0 0 0 1 1 1 0
0 0 0.1 0 0.5 0 0 0 0 30 0 2 0 0 0 0 1 1 1 0
0 0 0.1 315 0.5 0 0 0 0 30 0 2 0 0 0 0 1 1 1 0
0 0 0.1 180 0.5 0 0 0 0 30 0 2 0 0 0 0 1 1 1 0
0 0 0.1 135 0.5 0 0 0 0 30 0 2 0 0 0 0 1 1 1 0
0 0 0.1 315 0.5 0 0 0 0 30 0 2 0 0 0 0 1 1 1 0
0 0 0.1 45 0.5 0 0 0 0 30 0 2 0 0 0 0 1 1 1 0
0 0 0.1 270 0.5 0 0 0 0 30 0 2 0 0 0 0 1 1 1 0
0 0 0.1 225 0.5 0 0 0 0 30 0 2 0 0 0 0 1 1 1 0
0 0 0.1 90 0.5 0 0 0 0 30 0 2 0 0 0 0 1 1 1 0
0 0 0.1 0 0.5 0 0 0 0 30 0 2 0 0 0 0 1 1 1 0
0 0 0.1 315 0.5 0 0 0 0 0 0 0 0 0 0 0 1 1 2 0
0 0 0.1 135 0.5 0 0 0 0 0 0 0 0 0 0 0 1 1 2 0
0 0 0.1 225 0.5 0 0 0 0 0 0 0 0 0 0 0 1 1 2 0
0 0 0.1 45 0.5 0 0 0 0 0 0 0 0 0 0 0 1 1 2 0
0 0 0.1 180 0.5 0 0 0 0 0 0 0 0 0 0 0 1 1 2 0
0 0 0.1 0 0.5 0 0 0 0 0 0 0 0 0 0 0 1 1 2 0
0 0 0.1 90 0.5 0 0 0 0 0 0 0 0 0 0 0 1 1 2 0
0 0 0.1 270 0.5 0 0 0 0 0 0 0 0 0 0 0 1 1 2 1
0 0 0.1 315 0.5 0 0 0 0 30 0 2 0 0 0 0 1 1 3 0
0 0 0.1 135 0.5 0 0 0 0 30 0 2 0 0 0 0 1 1 3 0
0 0 0.1 180 0.5 0 0 0 0 30 0 2 0 0 0 0 1 1 3 0
0 0 0.1 45 0.5 0 0 0 0 30 0 2 0 0 0 0 1 1 3 0
0 0 0.1 0 0.5 0 0 0 0 30 0 2 0 0 0 0 1 1 3 0
0 0 0.1 270 0.5 0 0 0 0 30 0 2 0 0 0 0 1 1 3 0
0 0 0.1 225 0.5 0 0 0 0 30 0 2 0 0 0 0 1 1 3 0
0 0 0.1 90 0.5 0 0 0 0 30 0 2 0 0 0 0 1 1 3 0
0 0 0.1 45 0.5 0 0 0 0 30 0 2 0 0 0 0 1 1 3 0
0 0 0.1 135 0.5 0 0 0 0 30 0 2 0 0 0 0 1 1 3 0
0 0 0.1 0 0.5 0 0 0 0 30 0 2 0 0 0 0 1 1 3 0
0 0 0.1 225 0.5 0 0 0 0 30 0 2 0 0 0 0 1 1 3 0
0 0 0.1 90 0.5 0 0 0 0 30 0 2 0 0 0 0 1 1 3 0
0 0 0.1 315 0.5 0 0 0 0 30 0 2 0 0 0 0 1 1 3 0
0 0 0.1 270 0.5 0 0 0 0 30 0 2 0 0 0 0 1 1 3 0
0 0 0.1 180 0.5 0 0 0 0 30 0 2 0 0 0 0 1 1 3 0
0 0 0.1 315 0.5 0 0 0 0 30 0 2 0 0 0 0 1 1 3 0
0 0 0.1 270 0.5 0 0 0 0 30 0 2 0 0 0 0 1 1 3 0
0 0 0.1 45 0.5 0 0 0 0 30 0 2 0 0 0 0 1 1 3 0
0 0 0.1 90 0.5 0 0 0 0 30 0 2 0 0 0 0 1 1 3 0
0 0 0.1 225 0.5 0 0 0 0 30 0 2 0 0 0 0 1 1 3 0
0 0 0.1 0 0.5 0 0 0 0 30 0 2 0 0 0 0 1 1 3 0
0 0 0.1 135 0.5 0 0 0 0 30 0 2 0 0 0 0 1 1 3 0
0 0 0.1 180 0.5 0 0 0 0 30 0 2 0 0 0 0 1 1 3 0
0 0 0.1 315 0.5 0 0 0 0 30 0 2 0 0 0 0 1 1 3 0
0 0 0.1 90 0.5 0 0 0 0 30 0 2 0 0 0 0 1 1 3 0
0 0 0.1 45 0.5 0 0 0 0 30 0 2 0 0 0 0 1 1 3 0
0 0 0.1 180 0.5 0 0 0 0 30 0 2 0 0 0 0 1 1 3 0
0 0 0.1 0 0.5 0 0 0 0 30 0 2 0 0 0 0 1 1 3 0
0 0 0.1 135 0.5 0 0 0 0 30 0 2 0 0 0 0 1 1 3 0
0 0 0.1 270 0.5 0 0 0 0 30 0 2 0 0 0 0 1 1 3 0
0 0 0.1 225 0.5 0 0 0 0 30 0 2 0 0 0 0 1 1 3 0
0 0 0.1 180 0.5 0 0 0 0 30 0 2 0 0 0 0 1 1 3 0
0 0 0.1 90 0.5 0 0 0 0 30 0 2 0 0 0 0 1 1 3 0
0 0 0.1 45 0.5 0 0 0 0 30 0 2 0 0 0 0 1 1 3 0
0 0 0.1 270 0.5 0 0 0 0 30 0 2 0 0 0 0 1 1 3 0
0 0 0.1 315 0.5 0 0 0 0 30 0 2 0 0 0 0 1 1 3 0
0 0 0.1 135 0.5 0 0 0 0 30 0 2 0 0 0 0 1 1 3 0
0 0 0.1 0 0.5 0 0 0 0 30 0 2 0 0 0 0 1 1 3 0
0 0 0.1 225 0.5 0 0 0 0 30 0 2 0 0 0 0 1 1 3 0
0 0 0.1 225 0.5 0 0 0 0 30 0 2 0 0 0 0 1 1 3 0
0 0 0.1 180 0.5 0 0 0 0 30 0 2 0 0 0 0 1 1 3 0
0 0 0.1 45 0.5 0 0 0 0 30 0 2 0 0 0 0 1 1 3 0
0 0 0.1 90 0.5 0 0 0 0 30 0 2 0 0 0 0 1 1 3 0
0 0 0.1 270 0.5 0 0 0 0 30 0 2 0 0 0 0 1 1 3 0
0 0 0.1 0 0.5 0 0 0 0 30 0 2 0 0 0 0 1 1 3 0
0 0 0.1 135 0.5 0 0 0 0 30 0 2 0 0 0 0 1 1 3 0
0 0 0.1 315 0.5 0 0 0 0 30 0 2 0 0 0 0 1 1 3 0
0 0 0.1 135 0.5 0 0 0 0 30 0 2 0 0 0 0 1 1 3 0
0 0 0.1 270 0.5 0 0 0 0 30 0 2 0 0 0 0 1 1 3 0
0 0 0.1 315 0.5 0 0 0 0 30 0 2 0 0 0 0 1 1 3 0
0 0 0.1 180 0.5 0 0 0 0 30 0 2 0 0 0 0 1 1 3 0
0 0 0.1 90 0.5 0 0 0 0 30 0 2 0 0 0 0 1 1 3 0
0 0 0.1 45 0.5 0 0 0 0 30 0 2 0 0 0 0 1 1 3 0
0 0 0.1 225 0.5 0 0 0 0 30 0 2 0 0 0 0 1 1 3 0
0 0 0.1 0 0.5 0 0 0 0 30 0 2 0 0 0 0 1 1 3 0
0 0 0.1 270 0.5 0 0 0 0 30 0 2 0 0 0 0 1 1 3 0
0 0 0.1 180 0.5 0 0 0 0 30 0 2 0 0 0 0 1 1 3 0
0 0 0.1 90 0.5 0 0 0 0 30 0 2 0 0 0 0 1 1 3 0
0 0 0.1 225 0.5 0 0 0 0 30 0 2 0 0 0 0 1 1 3 0
0 0 0.1 0 0.5 0 0 0 0 30 0 2 0 0 0 0 1 1 3 0
0 0 0.1 135 0.5 0 0 0 0 30 0 2 0 0 0 0 1 1 3 0
0 0 0.1 45 0.5 0 0 0 0 30 0 2 0 0 0 0 1 1 3 0
0 0 0.1 315 0.5 0 0 0 0 30 0 2 0 0 0 0 1 1 3 0
0 0 0.1 270 0.5 0 0 0 0 30 0 2 0 0 0 0 1 1 3 0
0 0 0.1 135 0.5 0 0 0 0 30 0 2 0 0 0 0 1 1 3 0
0 0 0.1 315 0.5 0 0 0 0 30 0 2 0 0 0 0 1 1 3 0
0 0 0.1 90 0.5 0 0 0 0 30 0 2 0 0 0 0 1 1 3 0
0 0 0.1 180 0.5 0 0 0 0 30 0 2 0 0 0 0 1 1 3 0
0 0 0.1 45 0.5 0 0 0 0 30 0 2 0 0 0 0 1 1 3 0
0 0 0.1 0 0.5 0 0 0 0 30 0 2 0 0 0 0 1 1 3 0
0 0 0.1 225 0.5 0 0 0 0 30 0 2 0 0 0 0 1 1 3 0
0 0 0.1 0 0.5 0 0 0 0 30 0 2 0 0 0 0 1 1 3 0
0 0 0.1 315 0.5 0 0 0 0 30 0 2 0 0 0 0 1 1 3 0
0 0 0.1 90 0.5 0 0 0 0 30 0 2 0 0 0 0 1 1 3 0
0 0 0.1 225 0.5 0 0 0 0 30 0 2 0 0 0 0 1 1 3 0
0 0 0.1 135 0.5 0 0 0 0 30 0 2 0 0 0 0 1 1 3 0
0 0 0.1 270 0.5 0 0 0 0 30 0 2 0 0 0 0 1 1 3 0
0 0 0.1 180 0.5 0 0 0 0 30 0 2 0 0 0 0 1 1 3 0
0 0 0.1 45 0.5 0 0 0 0 30 0 2 0 0 0 0 1 1 3 0
0 0 0.1 180 0.5 0 0 0 0 30 0 2 0 0 0 0 1 1 3 0
0 0 0.1 270 0.5 0 0 0 0 30 0 2 0 0 0 0 1 1 3 0
0 0 0.1 45 0.5 0 0 0 0 30 0 2 0 0 0 0 1 1 3 0
0 0 0.1 135 0.5 0 0 0 0 30 0 2 0 0 0 0 1 1 3 0
0 0 0.1 225 0.5 0 0 0 0 30 0 2 0 0 0 0 1 1 3 0
0 0 0.1 90 0.5 0 0 0 0 30 0 2 0 0 0 0 1 1 3 0
0 0 0.1 315 0.5 0 0 0 0 30 0 2 0 0 0 0 1 1 3 0
0 0 0.1 0 0.5 0 0 0 0 30 0 2 0 0 0 0 1 1 3 0
0 0 0.1 180 0.5 0 0 0 0 30 0 2 0 0 0 0 1 1 3 0
0 0 0.1 90 0.5 0 0 0 0 30 0 2 0 0 0 0 1 1 3 0
0 0 0.1 225 0.5 0 0 0 0 30 0 2 0 0 0 0 1 1 3 0
0 0 0.1 45 0.5 0 0 0 0 30 0 2 0 0 0 0 1 1 3 0
0 0 0.1 135 0.5 0 0 0 0 30 0 2 0 0 0 0 1 1 3 0
0 0 0.1 315 0.5 0 0 0 0 30 0 2 0 0 0 0 1 1 3 0
0 0 0.1 0 0.5 0 0 0 0 30 0 2 0 0 0 0 1 1 3 0
0 0 0.1 270 0.5 0 0 0 0 30 0 2 0 0 0 0 1 1 3 0
0 0 0.1 315 0.5 0 0 0 0 30 0 2 0 0 0 0 1 1 3 0
0 0 0.1 180 0.5 0 0 0 0 30 0 2 0 0 0 0 1 1 3 0
0 0 0.1 270 0.5 0 0 0 0 30 0 2 0 0 0 0 1 1 3 0
0 0 0.1 90 0.5 0 0 0 0 30 0 2 0 0 0 0 1 1 3 0
0 0 0.1 135 0.5 0 0 0 0 30 0 2 0 0 0 0 1 1 3 0
0 0 0.1 45 0.5 0 0 0 0 30 0 2 0 0 0 0 1 1 3 0
0 0 0.1 225 0.5 0 0 0 0 30 0 2 0 0 0 0 1 1 3 0
0 0 0.1 0 0.5 0 0 0 0 30 0 2 0 0 0 0 1 1 3 0
0 0 0.1 315 0.5 0 0 0 0 30 0 2 0 0 0 0 1 1 3 0
0 0 0.1 0 0.5 0 0 0 0 30 0 2 0 0 0 0 1 1 3 0
0 0 0.1 90 0.5 0 0 0 0 30 0 2 0 0 0 0 1 1 3 0
0 0 0.1 45 0.5 0 0 0 0 30 0 2 0 0 0 0 1 1 3 0
0 0 0.1 225 0.5 0 0 0 0 30 0 2 0 0 0 0 1 1 3 0
0 0 0.1 180 0.5 0 0 0 0 30 0 2 0 0 0 0 1 1 3 0
0 0 0.1 135 0.5 0 0 0 0 30 0 2 0 0 0 0 1 1 3 0
0 0 0.1 270 0.5 0 0 0 0 30 0 2 0 0 0 0 1 1 3 0
0 0 0.1 0 0.5 0 0 0 0 30 0 2 0 0 0 0 1 1 3 0
0 0 0.1 180 0.5 0 0 0 0 30 0 2 0 0 0 0 1 1 3 0
0 0 0.1 45 0.5 0 0 0 0 30 0 2 0 0 0 0 1 1 3 0
0 0 0.1 315 0.5 0 0 0 0 30 0 2 0 0 0 0 1 1 3 0
0 0 0.1 225 0.5 0 0 0 0 30 0 2 0 0 0 0 1 1 3 0
0 0 0.1 270 0.5 0 0 0 0 30 0 2 0 0 0 0 1 1 3 0
0 0 0.1 135 0.5 0 0 0 0 30 0 2 0 0 0 0 1 1 3 0
0 0 0.1 90 0.5 0 0 0 0 30 0 2 0 0 0 0 1 1 3 0
0 0 0.1 90 0.5 0 0 0 0 30 0 2 0 0 0 0 1 1 3 0
0 0 0.1 45 0.5 0 0 0 0 30 0 2 0 0 0 0 1 1 3 0
0 0 0.1 180 0.5 0 0 0 0 30 0 2 0 0 0 0 1 1 3 0
0 0 0.1 225 0.5 0 0 0 0 30 0 2 0 0 0 0 1 1 3 0
0 0 0.1 135 0.5 0 0 0 0 30 0 2 0 0 0 0 1 1 3 0
0 0 0.1 270 0.5 0 0 0 0 30 0 2 0 0 0 0 1 1 3 0
0 0 0.1 315 0.5 0 0 0 0 30 0 2 0 0 0 0 1 1 3 0
0 0 0.1 0 0.5 0 0 0 0 30 0 2 0 0 0 0 1 1 3 0
0 0 0.1 0 0.5 0 0 0 0 30 0 2 0 0 0 0 1 1 3 0
0 0 0.1 135 0.5 0 0 0 0 30 0 2 0 0 0 0 1 1 3 0
0 0 0.1 315 0.5 0 0 0 0 30 0 2 0 0 0 0 1 1 3 0
0 0 0.1 225 0.5 0 0 0 0 30 0 2 0 0 0 0 1 1 3 0
0 0 0.1 45 0.5 0 0 0 0 30 0 2 0 0 0 0 1 1 3 0
0 0 0.1 270 0.5 0 0 0 0 30 0 2 0 0 0 0 1 1 3 0
0 0 0.1 90 0.5 0 0 0 0 30 0 2 0 0 0 0 1 1 3 0
0 0 0.1 180 0.5 0 0 0 0 30 0 2 0 0 0 0 1 1 3 0
0 0 0.1 315 0.5 0 0 0 0 30 0 2 0 0 0 0 1 1 3 0
0 0 0.1 270 0.5 0 0 0 0 30 0 2 0 0 0 0 1 1 3 0
0 0 0.1 45 0.5 0 0 0 0 30 0 2 0 0 0 0 1 1 3 0
0 0 0.1 135 0.5 0 0 0 0 30 0 2 0 0 0 0 1 1 3 0
0 0 0.1 0 0.5 0 0 0 0 30 0 2 0 0 0 0 1 1 3 0
0 0 0.1 90 0.5 0 0 0 0 30 0 2 0 0 0 0 1 1 3 0
0 0 0.1 180 0.5 0 0 0 0 30 0 2 0 0 0 0 1 1 3 0
0 0 0.1 225 0.5 0 0 0 0 30 0 2 0 0 0 0 1 1 3 0
0 0 0.1 315 0.5 0 0 0 0 0 0 0 0 0 0 0 1 1 4 0
0 0 0.1 0 0.5 0 0 0 0 0 0 0 0 0 0 0 1 1 4 0
0 0 0.1 180 0.5 0 0 0 0 0 0 0 0 0 0 0 1 1 4 0
0 0 0.1 45 0.5 0 0 0 0 0 0 0 0 0 0 0 1 1 4 0
0 0 0.1 90 0.5 0 0 0 0 0 0 0 0 0 0 0 1 1 4 0
0 0 0.1 270 0.5 0 0 0 0 0 0 0 0 0 0 0 1 1 4 0
0 0 0.1 135 0.5 0 0 0 0 0 0 0 0 0 0 0 1 1 4 0
0 0 0.1 225 0.5 0 0 0 0 0 0 0 0 0 0 0 1 1 4 1
0 0 0.1 45 0.5 0 0 0 0 0 0 0 0 0 0 0 1 1 5 0
0 0 0.1 90 0.5 0 0 0 0 0 0 0 0 0 0 0 1 1 5 0
0 0 0.1 135 0.5 0 0 0 0 0 0 0 0 0 0 0 1 1 5 0
0 0 0.1 315 0.5 0 0 0 0 0 0 0 0 0 0 0 1 1 5 0
0 0 0.1 270 0.5 0 0 0 0 0 0 0 0 0 0 0 1 1 5 0
0 0 0.1 0 0.5 0 0 0 0 0 0 0 0 0 0 0 1 1 5 0
0 0 0.1 180 0.5 0 0 0 0 0 0 0 0 0 0 0 1 1 5 0
0 0 0.1 225 0.5 0 0 0 0 0 0 0 0 0 0 0 1 1 5 0
0 0 0.1 0 0.5 0 0 0 0 0 0 0 0 0 0 0 1 1 5 0
0 0 0.1 45 0.5 0 0 0 0 0 0 0 0 0 0 0 1 1 5 0
0 0 0.1 315 0.5 0 0 0 0 0 0 0 0 0 0 0 1 1 5 0
0 0 0.1 180 0.5 0 0 0 0 0 0 0 0 0 0 0 1 1 5 0
0 0 0.1 225 0.5 0 0 0 0 0 0 0 0 0 0 0 1 1 5 0
0 0 0.1 90 0.5 0 0 0 0 0 0 0 0 0 0 0 1 1 5 0
0 0 0.1 135 0.5 0 0 0 0 0 0 0 0 0 0 0 1 1 5 0
0 0 0.1 270 0.5 0 0 0 0 0 0 0 0 0 0 0 1 1 5 0
0 0 0.1 135 0.5 0 0 0 0 0 0 0 0 0 0 0 1 1 5 0
0 0 0.1 270 0.5 0 0 0 0 0 0 0 0 0 0 0 1 1 5 0
0 0 0.1 0 0.5 0 0 0 0 0 0 0 0 0 0 0 1 1 5 0
0 0 0.1 315 0.5 0 0 0 0 0 0 0 0 0 0 0 1 1 5 0
0 0 0.1 45 0.5 0 0 0 0 0 0 0 0 0 0 0 1 1 5 0
0 0 0.1 225 0.5 0 0 0 0 0 0 0 0 0 0 0 1 1 5 0
0 0 0.1 90 0.5 0 0 0 0 0 0 0 0 0 0 0 1 1 5 0
0 0 0.1 180 0.5 0 0 0 0 0 0 0 0 0 0 0 1 1 5 0
0 0 0.1 180 0.5 0 0 0 0 0 0 0 0 0 0 0 1 1 5 0
0 0 0.1 135 0.5 0 0 0 0 0 0 0 0 0 0 0 1 1 5 0
0 0 0.1 0 0.5 0 0 0 0 0 0 0 0 0 0 0 1 1 5 0
0 0 0.1 225 0.5 0 0 0 0 0 0 0 0 0 0 0 1 1 5 0
0 0 0.1 270 0.5 0 0 0 0 0 0 0 0 0 0 0 1 1 5 0
0 0 0.1 45 0.5 0 0 0 0 0 0 0 0 0 0 0 1 1 5 0
0 0 0.1 90 0.5 0 0 0 0 0 0 0 0 0 0 0 1 1 5 0
0 0 0.1 315 0.5 0 0 0 0 0 0 0 0 0 0 0 1 1 5 0
0 0 0.1 180 0.5 0 0 0 0 0 0 0 0 0 0 0 1 1 5 0
0 0 0.1 135 0.5 0 0 0 0 0 0 0 0 0 0 0 1 1 5 0
0 0 0.1 0 0.5 0 0 0 0 0 0 0 0 0 0 0 1 1 5 0
0 0 0.1 225 0.5 0 0 0 0 0 0 0 0 0 0 0 1 1 5 0
0 0 0.1 315 0.5 0 0 0 0 0 0 0 0 0 0 0 1 1 5 0
0 0 0.1 270 0.5 0 0 0 0 0 0 0 0 0 0 0 1 1 5 0
0 0 0.1 90 0.5 0 0 0 0 0 0 0 0 0 0 0 1 1 5 0
0 0 0.1 45 0.5 0 0 0 0 0 0 0 0 0 0 0 1 1 5 0
0 0 0.1 315 0.5 0 0 0 0 0 0 0 0 0 0 0 1 1 5 0
0 0 0.1 180 0.5 0 0 0 0 0 0 0 0 0 0 0 1 1 5 0
0 0 0.1 270 0.5 0 0 0 0 0 0 0 0 0 0 0 1 1 5 0
0 0 0.1 0 0.5 0 0 0 0 0 0 0 0 0 0 0 1 1 5 0
0 0 0.1 225 0.5 0 0 0 0 0 0 0 0 0 0 0 1 1 5 0
0 0 0.1 45 0.5 0 0 0 0 0 0 0 0 0 0 0 1 1 5 0
0 0 0.1 90 0.5 0 0 0 0 0 0 0 0 0 0 0 1 1 5 0
0 0 0.1 135 0.5 0 0 0 0 0 0 0 0 0 0 0 1 1 5 0
0 0 0.1 135 0.5 0 0 0 0 0 0 0 0 0 0 0 1 1 5 0
0 0 0.1 90 0.5 0 0 0 0 0 0 0 0 0 0 0 1 1 5 0
0 0 0.1 225 0.5 0 0 0 0 0 0 0 0 0 0 0 1 1 5 0
0 0 0.1 270 0.5 0 0 0 0 0 0 0 0 0 0 0 1 1 5 0
0 0 0.1 315 0.5 0 0 0 0 0 0 0 0 0 0 0 1 1 5 0
0 0 0.1 0 0.5 0 0 0 0 0 0 0 0 0 0 0 1 1 5 0
0 0 0.1 180 0.5 0 0 0 0 0 0 0 0 0 0 0 1 1 5 0
0 0 0.1 45 0.5 0 0 0 0 0 0 0 0 0 0 0 1 1 5 0
0 0 0.1 90 0.5 0 0 0 0 0 0 0 0 0 0 0 1 1 5 0
0 0 0.1 315 0.5 0 0 0 0 0 0 0 0 0 0 0 1 1 5 0
0 0 0.1 45 0.5 0 0 0 0 0 0 0 0 0 0 0 1 1 5 0
0 0 0.1 180 0.5 0 0 0 0 0 0 0 0 0 0 0 1 1 5 0
0 0 0.1 0 0.5 0 0 0 0 0 0 0 0 0 0 0 1 1 5 0
0 0 0.1 270 0.5 0 0 0 0 0 0 0 0 0 0 0 1 1 5 0
0 0 0.1 225 0.5 0 0 0 0 0 0 0 0 0 0 0 1 1 5 0
0 0 0.1 135 0.5 0 0 0 0 0 0 0 0 0 0 0 1 1 5 0
0 0 0.1 225 0.5 0 0 0 0 0 0 0 0 0 0 0 1 1 5 0
0 0 0.1 90 0.5 0 0 0 0 0 0 0 0 0 0 0 1 1 5 0
0 0 0.1 0 0.5 0 0 0 0 0 0 0 0 0 0 0 1 1 5 0
0 0 0.1 135 0.5 0 0 0 0 0 0 0 0 0 0 0 1 1 5 0
0 0 0.1 45 0.5 0 0 0 0 0 0 0 0 0 0 0 1 1 5 0
0 0 0.1 180 0.5 0 0 0 0 0 0 0 0 0 0 0 1 1 5 0
0 0 0.1 315 0.5 0 0 0 0 0 0 0 0 0 0 0 1 1 5 0
0 0 0.1 270 0.5 0 0 0 0 0 0 0 0 0 0 0 1 1 5 0
0 0 0.1 180 0.5 0 0 0 0 0 0 0 0 0 0 0 1 1 5 0
0 0 0.1 90 0.5 0 0 0 0 0 0 0 0 0 0 0 1 1 5 0
0 0 0.1 135 0.5 0 0 0 0 0 0 0 0 0 0 0 1 1 5 0
0 0 0.1 270 0.5 0 0 0 0 0 0 0 0 0 0 0 1 1 5 0
0 0 0.1 315 0.5 0 0 0 0 0 0 0 0 0 0 0 1 1 5 0
0 0 0.1 0 0.5 0 0 0 0 0 0 0 0 0 0 0 1 1 5 0
0 0 0.1 225 0.5 0 0 0 0 0 0 0 0 0 0 0 1 1 5 0
0 0 0.1 45 0.5 0 0 0 0 0 0 0 0 0 0 0 1 1 5 0
0 0 0.1 0 0.5 0 0 0 0 0 0 0 0 0 0 0 1 1 5 0
0 0 0.1 180 0.5 0 0 0 0 0 0 0 0 0 0 0 1 1 5 0
0 0 0.1 225 0.5 0 0 0 0 0 0 0 0 0 0 0 1 1 5 0
0 0 0.1 45 0.5 0 0 0 0 0 0 0 0 0 0 0 1 1 5 0
0 0 0.1 90 0.5 0 0 0 0 0 0 0 0 0 0 0 1 1 5 0
0 0 0.1 270 0.5 0 0 0 0 0 0 0 0 0 0 0 1 1 5 0
0 0 0.1 135 0.5 0 0 0 0 0 0 0 0 0 0 0 1 1 5 0
0 0 0.1 315 0.5 0 0 0 0 0 0 0 0 0 0 0 1 1 5 0
0 0 0.1 315 0.5 0 0 0 0 0 0 0 0 0 0 0 1 1 5 0
0 0 0.1 270 0.5 0 0 0 0 0 0 0 0 0 0 0 1 1 5 0
0 0 0.1 45 0.5 0 0 0 0 0 0 0 0 0 0 0 1 1 5 0
0 0 0.1 225 0.5 0 0 0 0 0 0 0 0 0 0 0 1 1 5 0
0 0 0.1 0 0.5 0 0 0 0 0 0 0 0 0 0 0 1 1 5 0
0 0 0.1 135 0.5 0 0 0 0 0 0 0 0 0 0 0 1 1 5 0
0 0 0.1 180 0.5 0 0 0 0 0 0 0 0 0 0 0 1 1 5 0
0 0 0.1 90 0.5 0 0 0 0 0 0 0 0 0 0 0 1 1 5 0
0 0 0.1 180 0.5 0 0 0 0 0 0 0 0 0 0 0 1 1 5 0
0 0 0.1 225 0.5 0 0 0 0 0 0 0 0 0 0 0 1 1 5 0
0 0 0.1 45 0.5 0 0 0 0 0 0 0 0 0 0 0 1 1 5 0
0 0 0.1 135 0.5 0 0 0 0 0 0 0 0 0 0 0 1 1 5 0
0 0 0.1 90 0.5 0 0 0 0 0 0 0 0 0 0 0 1 1 5 0
0 0 0.1 0 0.5 0 0 0 0 0 0 0 0 0 0 0 1 1 5 0
0 0 0.1 270 0.5 0 0 0 0 0 0 0 0 0 0 0 1 1 5 0
0 0 0.1 315 0.5 0 0 0 0 0 0 0 0 0 0 0 1 1 5 0
0 0 0.1 135 0.5 0 0 0 0 0 0 0 0 0 0 0 1 1 5 0
0 0 0.1 225 0.5 0 0 0 0 0 0 0 0 0 0 0 1 1 5 0
0 0 0.1 270 0.5 0 0 0 0 0 0 0 0 0 0 0 1 1 5 0
0 0 0.1 315 0.5 0 0 0 0 0 0 0 0 0 0 0 1 1 5 0
0 0 0.1 0 0.5 0 0 0 0 0 0 0 0 0 0 0 1 1 5 0
0 0 0.1 45 0.5 0 0 0 0 0 0 0 0 0 0 0 1 1 5 0
0 0 0.1 90 0.5 0 0 0 0 0 0 0 0 0 0 0 1 1 5 0
0 0 0.1 180 0.5 0 0 0 0 0 0 0 0 0 0 0 1 1 5 0
0 0 0.1 90 0.5 0 0 0 0 0 0 0 0 0 0 0 1 1 5 0
0 0 0.1 0 0.5 0 0 0 0 0 0 0 0 0 0 0 1 1 5 0
0 0 0.1 135 0.5 0 0 0 0 0 0 0 0 0 0 0 1 1 5 0
0 0 0.1 270 0.5 0 0 0 0 0 0 0 0 0 0 0 1 1 5 0
0 0 0.1 180 0.5 0 0 0 0 0 0 0 0 0 0 0 1 1 5 0
0 0 0.1 45 0.5 0 0 0 0 0 0 0 0 0 0 0 1 1 5 0
0 0 0.1 225 0.5 0 0 0 0 0 0 0 0 0 0 0 1 1 5 0
0 0 0.1 315 0.5 0 0 0 0 0 0 0 0 0 0 0 1 1 5 0
0 0 0.1 45 0.5 0 0 0 0 0 0 0 0 0 0 0 1 1 5 0
0 0 0.1 135 0.5 0 0 0 0 0 0 0 0 0 0 0 1 1 5 0
0 0 0.1 180 0.5 0 0 0 0 0 0 0 0 0 0 0 1 1 5 0
0 0 0.1 90 0.5 0 0 0 0 0 0 0 0 0 0 0 1 1 5 0
0 0 0.1 0 0.5 0 0 0 0 0 0 0 0 0 0 0 1 1 5 0
0 0 0.1 315 0.5 0 0 0 0 0 0 0 0 0 0 0 1 1 5 0
0 0 0.1 225 0.5 0 0 0 0 0 0 0 0 0 0 0 1 1 5 0
0 0 0.1 270 0.5 0 0 0 0 0 0 0 0 0 0 0 1 1 5 0
0 0 0.1 270 0.5 0 0 0 0 0 0 0 0 0 0 0 1 1 5 0
0 0 0.1 180 0.5 0 0 0 0 0 0 0 0 0 0 0 1 1 5 0
0 0 0.1 45 0.5 0 0 0 0 0 0 0 0 0 0 0 1 1 5 0
0 0 0.1 225 0.5 0 0 0 0 0 0 0 0 0 0 0 1 1 5 0
0 0 0.1 90 0.5 0 0 0 0 0 0 0 0 0 0 0 1 1 5 0
0 0 0.1 0 0.5 0 0 0 0 0 0 0 0 0 0 0 1 1 5 0
0 0 0.1 135 0.5 0 0 0 0 0 0 0 0 0 0 0 1 1 5 0
0 0 0.1 315 0.5 0 0 0 0 0 0 0 0 0 0 0 1 1 5 0
0 0 0.1 225 0.5 0 0 0 0 0 0 0 0 0 0 0 1 1 5 0
0 0 0.1 315 0.5 0 0 0 0 0 0 0 0 0 0 0 1 1 5 0
0 0 0.1 0 0.5 0 0 0 0 0 0 0 0 0 0 0 1 1 5 0
0 0 0.1 90 0.5 0 0 0 0 0 0 0 0 0 0 0 1 1 5 0
0 0 0.1 135 0.5 0 0 0 0 0 0 0 0 0 0 0 1 1 5 0
0 0 0.1 270 0.5 0 0 0 0 0 0 0 0 0 0 0 1 1 5 0
0 0 0.1 45 0.5 0 0 0 0 0 0 0 0 0 0 0 1 1 5 0
0 0 0.1 180 0.5 0 0 0 0 0 0 0 0 0 0 0 1 1 5 0
0 0 0.1 225 0.5 0 0 0 0 0 0 0 0 0 0 0 1 1 5 0
0 0 0.1 270 0.5 0 0 0 0 0 0 0 0 0 0 0 1 1 5 0
0 0 0.1 0 0.5 0 0 0 0 0 0 0 0 0 0 0 1 1 5 0
0 0 0.1 315 0.5 0 0 0 0 0 0 0 0 0 0 0 1 1 5 0
0 0 0.1 45 0.5 0 0 0 0 0 0 0 0 0 0 0 1 1 5 0
0 0 0.1 180 0.5 0 0 0 0 0 0 0 0 0 0 0 1 1 5 0
0 0 0.1 135 0.5 0 0 0 0 0 0 0 0 0 0 0 1 1 5 0
0 0 0.1 90 0.5 0 0 0 0 0 0 0 0 0 0 0 1 1 5 0
0 0 0.1 0 0.5 0 0 0 0 0 0 0 0 0 0 0 1 1 5 0
0 0 0.1 45 0.5 0 0 0 0 0 0 0 0 0 0 0 1 1 5 0
0 0 0.1 135 0.5 0 0 0 0 0 0 0 0 0 0 0 1 1 5 0
0 0 0.1 225 0.5 0 0 0 0 0 0 0 0 0 0 0 1 1 5 0
0 0 0.1 270 0.5 0 0 0 0 0 0 0 0 0 0 0 1 1 5 0
0 0 0.1 315 0.5 0 0 0 0 0 0 0 0 0 0 0 1 1 5 0
0 0 0.1 180 0.5 0 0 0 0 0 0 0 0 0 0 0 1 1 5 0
0 0 0.1 90 0.5 0 0 0 0 0 0 0 0 0 0 0 1 1 5 0
0 0 0.1 45 0.5 0 0 0 0 0 0 0 0 0 0 0 1 1 5 0
0 0 0.1 180 0.5 0 0 0 0 0 0 0 0 0 0 0 1 1 5 0
0 0 0.1 0 0.5 0 0 0 0 0 0 0 0 0 0 0 1 1 5 0
0 0 0.1 90 0.5 0 0 0 0 0 0 0 0 0 0 0 1 1 5 0
0 0 0.1 225 0.5 0 0 0 0 0 0 0 0 0 0 0 1 1 5 0
0 0 0.1 270 0.5 0 0 0 0 0 0 0 0 0 0 0 1 1 5 0
0 0 0.1 135 0.5 0 0 0 0 0 0 0 0 0 0 0 1 1 5 0
0 0 0.1 315 0.5 0 0 0 0 0 0 0 0 0 0 0 1 1 5 0
