0 0 0.1 85 1.103 0 0 0 0 0 0 1 0 0 0 0 1 1 0 0
0 0 0.1 90 1.026 0 0 0 0 0 0 1 0 0 0 0 1 1 0 0
0 0 0.1 110 0.923 0 0 0 0 0 0 1 0 0 0 0 1 1 0 0
0 0 0.1 100 1.078 0 0 0 0 0 0 1 0 0 0 0 1 1 0 0
0 0 0.1 65 0.935 0 0 0 0 0 0 1 0 0 0 0 1 1 0 0
0 0 0.1 115 0.883 0 0 0 0 0 0 1 0 0 0 0 1 1 0 0
0 0 0.1 95 1.168 0 0 0 0 0 0 1 0 0 0 0 1 1 0 0
0 0 0.1 80 0.81 0 0 0 0 0 0 1 0 0 0 0 1 1 0 0
0 0 0.1 105 1.186 0 0 0 0 0 0 1 0 0 0 0 1 1 0 0
0 0 0.1 75 0.927 0 0 0 0 0 0 1 0 0 0 0 1 1 0 0
0 0 0.1 70 1.067 0 0 0 0 0 0 1 0 0 0 0 1 1 0 0
0 0 0.1 115 1.014 0 0 0 0 0 0 1 0 0 0 0 1 1 0 0
0 0 0.1 65 1.128 0 0 0 0 0 0 1 0 0 0 0 1 1 0 0
0 0 0.1 75 0.875 0 0 0 0 0 0 1 0 0 0 0 1 1 0 0
0 0 0.1 90 0.96 0 0 0 0 0 0 1 0 0 0 0 1 1 0 0
0 0 0.1 70 0.872 0 0 0 0 0 0 1 0 0 0 0 1 1 0 0
0 0 0.1 105 0.915 0 0 0 0 0 0 1 0 0 0 0 1 1 0 0
0 0 0.1 110 1.052 0 0 0 0 0 0 1 0 0 0 0 1 1 0 0
0 0 0.1 95 0.921 0 0 0 0 0 0 1 0 0 0 0 1 1 0 0
0 0 0.1 85 0.978 0 0 0 0 0 0 1 0 0 0 0 1 1 0 0
0 0 0.1 80 1.093 0 0 0 0 0 0 1 0 0 0 0 1 1 0 0
0 0 0.1 100 1.068 0 0 0 0 0 0 1 0 0 0 0 1 1 0 0
0 0 0.1 115 0.925 0 0 0 0 0 0 1 0 0 0 0 1 1 0 0
0 0 0.1 90 0.992 0 0 0 0 0 0 1 0 0 0 0 1 1 0 0
0 0 0.1 105 0.917 0 0 0 0 0 0 1 0 0 0 0 1 1 0 0
0 0 0.1 110 0.873 0 0 0 0 0 0 1 0 0 0 0 1 1 0 0
0 0 0.1 85 0.945 0 0 0 0 0 0 1 0 0 0 0 1 1 0 0
0 0 0.1 100 1.162 0 0 0 0 0 0 1 0 0 0 0 1 1 0 0
0 0 0.1 75 0.958 0 0 0 0 0 0 1 0 0 0 0 1 1 0 0
0 0 0.1 65 1.112 0 0 0 0 0 0 1 0 0 0 0 1 1 0 0
0 0 0.1 95 0.914 0 0 0 0 0 0 1 0 0 0 0 1 1 0 0
0 0 0.1 70 1.142 0 0 0 0 0 0 1 0 0 0 0 1 1 0 0
0 0 0.1 80 0.869 0 0 0 0 0 0 1 0 0 0 0 1 1 0 0
0 0 0.1 90 0.832 0 0 0 0 0 0 1 0 0 0 0 1 1 0 0
0 0 0.1 70 0.917 0 0 0 0 0 0 1 0 0 0 0 1 1 0 0
0 0 0.1 95 1.137 0 0 0 0 0 0 1 0 0 0 0 1 1 0 0
0 0 0.1 110 1.179 0 0 0 0 0 0 1 0 0 0 0 1 1 0 0
0 0 0.1 75 0.818 0 0 0 0 0 0 1 0 0 0 0 1 1 0 0
0 0 0.1 80 1.104 0 0 0 0 0 0 1 0 0 0 0 1 1 0 0
0 0 0.1 105 0.919 0 0 0 0 0 0 1 0 0 0 0 1 1 0 0
0 0 0.1 65 1.061 0 0 0 0 0 0 1 0 0 0 0 1 1 0 0
0 0 0.1 85 0.834 0 0 0 0 0 0 1 0 0 0 0 1 1 0 0
0 0 0.1 100 1.191 0 0 0 0 0 0 1 0 0 0 0 1 1 0 0
0 0 0.1 115 0.806 0 0 0 0 0 0 1 0 0 0 0 1 1 0 0
0 0 0.1 65 1.016 0 0 0 0 0 0 1 0 0 0 0 1 1 0 0
0 0 0.1 70 1.187 0 0 0 0 0 0 1 0 0 0 0 1 1 0 0
0 0 0.1 100 0.841 0 0 0 0 0 0 1 0 0 0 0 1 1 0 0
0 0 0.1 80 0.903 0 0 0 0 0 0 1 0 0 0 0 1 1 0 0
0 0 0.1 85 1.159 0 0 0 0 0 0 1 0 0 0 0 1 1 0 0
0 0 0.1 90 0.956 0 0 0 0 0 0 1 0 0 0 0 1 1 0 0
0 0 0.1 95 1.118 0 0 0 0 0 0 1 0 0 0 0 1 1 0 0
0 0 0.1 105 0.94 0 0 0 0 0 0 1 0 0 0 0 1 1 0 0
0 0 0.1 110 0.856 0 0 0 0 0 0 1 0 0 0 0 1 1 0 0
0 0 0.1 115 1.061 0 0 0 0 0 0 1 0 0 0 0 1 1 0 0
0 0 0.1 75 1.018 0 0 0 0 0 0 1 0 0 0 0 1 1 0 0
0 0 0.1 95 1.179 0 0 0 0 0 0 1 0 0 0 0 1 1 0 0
0 0 0.1 70 1.029 0 0 0 0 0 0 1 0 0 0 0 1 1 0 0
0 0 0.1 90 1.182 0 0 0 0 0 0 1 0 0 0 0 1 1 0 0
0 0 0.1 115 1.113 0 0 0 0 0 0 1 0 0 0 0 1 1 0 0
0 0 0.1 80 0.848 0 0 0 0 0 0 1 0 0 0 0 1 1 0 0
0 0 0.1 100 1.135 0 0 0 0 0 0 1 0 0 0 0 1 1 0 0
0 0 0.1 105 0.835 0 0 0 0 0 0 1 0 0 0 0 1 1 0 0
0 0 0.1 85 1.1 0 0 0 0 0 0 1 0 0 0 0 1 1 0 0
0 0 0.1 65 0.827 0 0 0 0 0 0 1 0 0 0 0 1 1 0 0
0 0 0.1 110 0.832 0 0 0 0 0 0 1 0 0 0 0 1 1 0 0
0 0 0.1 75 0.843 0 0 0 0 0 0 1 0 0 0 0 1 1 0 0
0 0 0.1 70 0.963 0 0 0 0 0 0 1 0 0 0 0 1 1 0 0
0 0 0.1 90 1.19 0 0 0 0 0 0 1 0 0 0 0 1 1 0 0
0 0 0.1 110 0.866 0 0 0 0 0 0 1 0 0 0 0 1 1 0 0
0 0 0.1 100 1.002 0 0 0 0 0 0 1 0 0 0 0 1 1 0 0
0 0 0.1 75 0.881 0 0 0 0 0 0 1 0 0 0 0 1 1 0 0
0 0 0.1 85 0.88 0 0 0 0 0 0 1 0 0 0 0 1 1 0 0
0 0 0.1 95 0.872 0 0 0 0 0 0 1 0 0 0 0 1 1 0 0
0 0 0.1 80 0.91 0 0 0 0 0 0 1 0 0 0 0 1 1 0 0
0 0 0.1 115 0.853 0 0 0 0 0 0 1 0 0 0 0 1 1 0 0
0 0 0.1 65 1.144 0 0 0 0 0 0 1 0 0 0 0 1 1 0 0
0 0 0.1 105 1.059 0 0 0 0 0 0 1 0 0 0 0 1 1 0 0
0 0 0.1 65 1.042 0 0 0 0 0 0 1 0 0 0 0 1 1 0 0
0 0 0.1 85 1.189 0 0 0 0 0 0 1 0 0 0 0 1 1 0 0
0 0 0.1 90 0.951 0 0 0 0 0 0 1 0 0 0 0 1 1 0 0
0 0 0.1 115 1.128 0 0 0 0 0 0 1 0 0 0 0 1 1 0 0
0 0 0.1 70 0.891 0 0 0 0 0 0 1 0 0 0 0 1 1 0 0
0 0 0.1 100 0.883 0 0 0 0 0 0 1 0 0 0 0 1 1 0 0
0 0 0.1 110 0.878 0 0 0 0 0 0 1 0 0 0 0 1 1 0 0
0 0 0.1 80 0.897 0 0 0 0 0 0 1 0 0 0 0 1 1 0 0
0 0 0.1 75 1.192 0 0 0 0 0 0 1 0 0 0 0 1 1 0 0
0 0 0.1 95 1.01 0 0 0 0 0 0 1 0 0 0 0 1 1 0 0
0 0 0.1 105 1.131 0 0 0 0 0 0 1 0 0 0 0 1 1 0 0
0 0 0.1 65 1.069 0 0 0 0 0 0 1 0 0 0 0 1 1 0 0
0 0 0.1 85 1.192 0 0 0 0 0 0 1 0 0 0 0 1 1 0 0
0 0 0.1 105 0.824 0 0 0 0 0 0 1 0 0 0 0 1 1 0 0
0 0 0.1 95 0.935 0 0 0 0 0 0 1 0 0 0 0 1 1 0 0
0 0 0.1 70 0.806 0 0 0 0 0 0 1 0 0 0 0 1 1 0 0
0 0 0.1 90 0.946 0 0 0 0 0 0 1 0 0 0 0 1 1 0 0
0 0 0.1 110 0.884 0 0 0 0 0 0 1 0 0 0 0 1 1 0 0
0 0 0.1 75 0.861 0 0 0 0 0 0 1 0 0 0 0 1 1 0 0
0 0 0.1 115 1.175 0 0 0 0 0 0 1 0 0 0 0 1 1 0 0
0 0 0.1 100 0.961 0 0 0 0 0 0 1 0 0 0 0 1 1 0 0
0 0 0.1 80 0.995 0 0 0 0 0 0 1 0 0 0 0 1 1 0 0
0 0 0.1 70 1.073 0 0 0 0 0 0 1 0 0 0 0 1 1 0 0
