0 0 0.1 105 0.928 0 0 0 0 0 7 2 0 0 0 0 1 2 6 0
0 0 0.1 78 0.834 0 0 0 0 0 7 2 0 0 0 0 1 2 6 0
0 0 0.1 96 1.127 0 0 0 0 0 7 2 0 0 0 0 1 2 6 0
0 0 0.1 81 1.16 0 0 0 0 0 7 2 0 0 0 0 1 2 6 0
0 0 0.1 93 1.187 0 0 0 0 0 7 2 0 0 0 0 1 2 6 0
0 0 0.1 87 1.03 0 0 0 0 0 7 2 0 0 0 0 1 2 6 0
0 0 0.1 99 1.089 0 0 0 0 0 7 2 0 0 0 0 1 2 6 0
0 0 0.1 84 1.11 0 0 0 0 0 7 2 0 0 0 0 1 2 6 0
0 0 0.1 84 1.052 0 0 0 0 0 7 2 0 0 0 0 1 2 6 0
0 0 0.1 90 1.09 0 0 0 0 0 7 2 0 0 0 0 1 2 6 0
0 0 0.1 99 0.955 0 0 0 0 0 7 2 0 0 0 0 1 2 6 0
0 0 0.1 81 0.866 0 0 0 0 0 7 2 0 0 0 0 1 2 6 0
0 0 0.1 102 0.875 0 0 0 0 0 7 2 0 0 0 0 1 2 6 0
0 0 0.1 84 0.957 0 0 0 0 0 7 2 0 0 0 0 1 2 6 0
0 0 0.1 81 0.91 0 0 0 0 0 7 2 0 0 0 0 1 2 6 0
0 0 0.1 87 0.877 0 0 0 0 7 6 2 0 0 0 0 1 2 6 0
0 0 0.1 90 1.002 0 0 0 0 7 6 2 0 0 0 0 1 2 6 0
0 0 0.1 93 1.106 0 0 0 0 7 6 2 0 0 0 0 1 2 6 0
0 0 0.1 93 1.078 0 0 0 0 7 6 2 0 0 0 0 1 2 6 0
0 0 0.1 96 1.018 0 0 0 0 7 6 2 0 0 0 0 1 2 6 0
0 0 0.1 102 1.064 0 0 0 0 7 6 2 0 0 0 0 1 2 6 0
0 0 0.1 87 0.988 0 0 0 0 7 6 2 0 0 0 0 1 2 6 0
0 0 0.1 90 0.993 0 0 0 0 7 6 2 0 0 0 0 1 2 6 0
0 0 0.1 90 0.935 0 0 0 0 7 6 2 0 0 0 0 1 2 6 0
0 0 0.1 96 0.97 0 0 0 0 7 6 2 0 0 0 0 1 2 6 0
0 0 0.1 102 0.915 0 0 0 0 0 7 2 0 0 0 0 1 2 6 0
0 0 0.1 78 1.041 0 0 0 0 0 7 2 0 0 0 0 1 2 6 0
0 0 0.1 96 1.137 0 0 0 0 0 7 2 0 0 0 0 1 2 6 0
0 0 0.1 81 1.049 0 0 0 0 0 7 2 0 0 0 0 1 2 6 0
0 0 0.1 87 0.854 0 0 0 0 0 7 2 0 0 0 0 1 2 6 0
0 0 0.1 93 1.028 0 0 0 0 0 7 2 0 0 0 0 1 2 6 0
0 0 0.1 84 0.978 0 0 0 0 0 7 2 0 0 0 0 1 2 6 0
0 0 0.1 102 0.976 0 0 0 0 0 7 2 0 0 0 0 1 2 6 0
0 0 0.1 78 1.05 0 0 0 0 0 7 2 0 0 0 0 1 2 6 0
0 0 0.1 75 1.174 0 0 0 0 0 7 2 0 0 0 0 1 2 6 0
