0 0 0.1 105 1.101 0 0 0 0 0 7 2 0 0 0 0 1 2 6 0
0 0 0.1 90 0.959 0 0 0 0 0 7 2 0 0 0 0 1 2 6 0
0 0 0.1 102 0.973 0 0 0 0 0 7 2 0 0 0 0 1 2 6 0
0 0 0.1 87 0.909 0 0 0 0 0 7 2 0 0 0 0 1 2 6 0
0 0 0.1 78 1.114 0 0 0 0 0 7 2 0 0 0 0 1 2 6 0
0 0 0.1 96 1.188 0 0 0 0 0 7 2 0 0 0 0 1 2 6 0
0 0 0.1 93 0.809 0 0 0 0 0 7 2 0 0 0 0 1 2 6 0
0 0 0.1 96 1.061 0 0 0 0 0 7 2 0 0 0 0 1 2 6 0
0 0 0.1 84 0.958 0 0 0 0 0 7 2 0 0 0 0 1 2 6 0
0 0 0.1 78 1.073 0 0 0 0 0 7 2 0 0 0 0 1 2 6 0
0 0 0.1 84 1.169 0 0 0 0 0 7 2 0 0 0 0 1 2 6 0
0 0 0.1 87 0.992 0 0 0 0 0 7 2 0 0 0 0 1 2 6 0
0 0 0.1 81 1.196 0 0 0 0 0 7 2 0 0 0 0 1 2 6 0
0 0 0.1 90 0.968 0 0 0 0 0 7 2 0 0 0 0 1 2 6 0
0 0 0.1 99 0.827 0 0 0 0 0 7 2 0 0 0 0 1 2 6 0
0 0 0.1 84 0.995 0 0 0 0 0 6 3 0 0 0 0 1 2 6 0
0 0 0.1 90 0.857 0 0 0 0 0 6 3 0 0 0 0 1 2 6 0
0 0 0.1 93 1.126 0 0 0 0 0 6 3 0 0 0 0 1 2 6 0
0 0 0.1 93 0.816 0 0 0 0 0 6 3 0 0 0 0 1 2 6 0
0 0 0.1 78 1.184 0 0 0 0 0 6 3 0 0 0 0 1 2 6 0
0 0 0.1 99 1.068 0 0 0 0 0 6 3 0 0 0 0 1 2 6 0
0 0 0.1 78 0.935 0 0 0 0 0 6 3 0 0 0 0 1 2 6 0
0 0 0.1 102 1.054 0 0 0 0 0 6 3 0 0 0 0 1 2 6 0
0 0 0.1 93 1.185 0 0 0 0 0 6 3 0 0 0 0 1 2 6 0
0 0 0.1 102 0.938 0 0 0 0 0 6 3 0 0 0 0 1 2 6 0
0 0 0.1 96 0.996 0 0 0 0 0 7 2 0 0 0 0 1 2 6 0
0 0 0.1 102 0.927 0 0 0 0 0 7 2 0 0 0 0 1 2 6 0
0 0 0.1 102 1.002 0 0 0 0 0 7 2 0 0 0 0 1 2 6 0
0 0 0.1 87 1.028 0 0 0 0 0 7 2 0 0 0 0 1 2 6 0
0 0 0.1 81 0.871 0 0 0 0 0 7 2 0 0 0 0 1 2 6 0
0 0 0.1 90 1.115 0 0 0 0 0 7 2 0 0 0 0 1 2 6 0
0 0 0.1 81 0.864 0 0 0 0 0 7 2 0 0 0 0 1 2 6 0
0 0 0.1 99 0.842 0 0 0 0 0 7 2 0 0 0 0 1 2 6 0
0 0 0.1 84 1.015 0 0 0 0 0 7 2 0 0 0 0 1 2 6 0
0 0 0.1 81 1.182 0 0 0 0 0 7 2 0 0 0 0 1 2 6 0
0 0 0.1 90 1.186 0 0 0 0 7 6 2 0 0 0 0 1 2 6 0
0 0 0.1 93 1.123 0 0 0 0 7 6 2 0 0 0 0 1 2 6 0
0 0 0.1 87 1.165 0 0 0 0 7 6 2 0 0 0 0 1 2 6 0
0 0 0.1 90 1.053 0 0 0 0 7 6 2 0 0 0 0 1 2 6 0
0 0 0.1 93 1.109 0 0 0 0 7 6 2 0 0 0 0 1 2 6 0
0 0 0.1 87 1.147 0 0 0 0 7 6 2 0 0 0 0 1 2 6 0
0 0 0.1 84 1.193 0 0 0 0 7 6 2 0 0 0 0 1 2 6 0
0 0 0.1 90 1.065 0 0 0 0 7 6 2 0 0 0 0 1 2 6 0
0 0 0.1 87 0.805 0 0 0 0 7 6 2 0 0 0 0 1 2 6 0
0 0 0.1 96 1.139 0 0 0 0 7 6 2 0 0 0 0 1 2 6 0
0 0 0.1 78 1.156 0 0 0 0 0 6 3 0 0 0 0 1 2 6 0
0 0 0.1 99 0.852 0 0 0 0 0 6 3 0 0 0 0 1 2 6 0
0 0 0.1 84 1.096 0 0 0 0 0 6 3 0 0 0 0 1 2 6 0
0 0 0.1 81 1.07 0 0 0 0 0 6 3 0 0 0 0 1 2 6 0
0 0 0.1 99 1.044 0 0 0 0 0 6 3 0 0 0 0 1 2 6 0
0 0 0.1 78 0.96 0 0 0 0 0 6 3 0 0 0 0 1 2 6 0
0 0 0.1 96 1.128 0 0 0 0 0 6 3 0 0 0 0 1 2 6 0
0 0 0.1 102 1.199 0 0 0 0 0 6 3 0 0 0 0 1 2 6 0
0 0 0.1 96 1.115 0 0 0 0 0 6 3 0 0 0 0 1 2 6 0
0 0 0.1 84 0.897 0 0 0 0 0 6 3 0 0 0 0 1 2 6 0
0 0 0.1 102 1.178 0 0 0 0 0 6 3 0 0 0 0 1 2 6 0
0 0 0.1 99 0.828 0 0 0 0 0 6 3 0 0 0 0 1 2 6 0
0 0 0.1 81 0.812 0 0 0 0 0 6 3 0 0 0 0 1 2 6 0
0 0 0.1 87 1.056 0 0 0 0 0 6 3 0 0 0 0 1 2 6 0
0 0 0.1 75 1.055 0 0 0 0 0 6 3 0 0 0 0 1 2 6 0
