0 0 0.1 105 1.169 0 0 0 0 0 7 2 0 0 0 0 1 2 6 0
0 0 0.1 87 0.892 0 0 0 0 0 7 2 0 0 0 0 1 2 6 0
0 0 0.1 102 1.172 0 0 0 0 0 7 2 0 0 0 0 1 2 6 0
0 0 0.1 93 1.172 0 0 0 0 0 7 2 0 0 0 0 1 2 6 0
0 0 0.1 75 1.009 0 0 0 0 0 7 2 0 0 0 0 1 2 6 0
0 0 0.1 78 1.197 0 0 0 0 0 7 2 0 0 0 0 1 2 6 0
0 0 0.1 81 0.826 0 0 0 0 0 7 2 0 0 0 0 1 2 6 0
0 0 0.1 81 1.146 0 0 0 0 0 7 2 0 0 0 0 1 2 6 0
0 0 0.1 93 0.993 0 0 0 0 0 7 2 0 0 0 0 1 2 6 0
0 0 0.1 87 1.015 0 0 0 0 0 7 2 0 0 0 0 1 2 6 0
0 0 0.1 84 0.967 0 0 0 0 0 7 2 0 0 0 0 1 2 6 0
0 0 0.1 81 0.892 0 0 0 0 0 7 2 0 0 0 0 1 2 6 0
0 0 0.1 90 1.193 0 0 0 0 0 7 2 0 0 0 0 1 2 6 0
0 0 0.1 84 1.063 0 0 0 0 0 7 2 0 0 0 0 1 2 6 0
0 0 0.1 78 1.033 0 0 0 0 0 7 2 0 0 0 0 1 2 6 0
0 0 0.1 81 0.857 0 0 0 0 0 7 2 0 0 0 0 1 2 6 0
0 0 0.1 99 1.08 0 0 0 0 0 7 2 0 0 0 0 1 2 6 0
0 0 0.1 105 1.1 0 0 0 0 0 7 2 0 0 0 0 1 2 6 0
0 0 0.1 102 1.182 0 0 0 0 0 7 2 0 0 0 0 1 2 6 0
0 0 0.1 90 0.853 0 0 0 0 0 7 2 0 0 0 0 1 2 6 0
0 0 0.1 87 1.06 0 0 0 0 0 7 2 0 0 0 0 1 2 6 0
0 0 0.1 84 1.084 0 0 0 0 0 7 2 0 0 0 0 1 2 6 0
0 0 0.1 75 0.84 0 0 0 0 0 7 2 0 0 0 0 1 2 6 0
0 0 0.1 84 0.828 0 0 0 0 0 7 2 0 0 0 0 1 2 6 0
0 0 0.1 99 0.913 0 0 0 0 0 7 2 0 0 0 0 1 2 6 0
0 0 0.1 96 1.095 0 0 0 0 0 7 2 0 0 0 0 1 2 6 0
0 0 0.1 99 1.185 0 0 0 0 0 7 2 0 0 0 0 1 2 6 0
0 0 0.1 87 1.126 0 0 0 0 0 7 2 0 0 0 0 1 2 6 0
0 0 0.1 81 0.967 0 0 0 0 0 7 2 0 0 0 0 1 2 6 0
0 0 0.1 96 0.982 0 0 0 0 0 7 2 0 0 0 0 1 2 6 0
0 0 0.1 93 0.945 0 0 0 0 0 7 2 0 0 0 0 1 2 6 0
0 0 0.1 81 0.818 0 0 0 0 0 7 2 0 0 0 0 1 2 6 0
0 0 0.1 84 1.089 0 0 0 0 0 7 2 0 0 0 0 1 2 6 0
0 0 0.1 87 1.152 0 0 0 0 0 7 2 0 0 0 0 1 2 6 0
0 0 0.1 87 1.138 0 0 0 0 0 7 2 0 0 0 0 1 2 6 0
0 0 0.1 90 0.823 0 0 0 0 7 6 2 0 0 0 0 1 2 6 0
0 0 0.1 93 0.997 0 0 0 0 7 6 2 0 0 0 0 1 2 6 0
0 0 0.1 87 1.072 0 0 0 0 7 6 2 0 0 0 0 1 2 6 0
0 0 0.1 93 0.874 0 0 0 0 7 6 2 0 0 0 0 1 2 6 0
0 0 0.1 90 0.921 0 0 0 0 7 6 2 0 0 0 0 1 2 6 0
0 0 0.1 90 1.128 0 0 0 0 7 6 2 0 0 0 0 1 2 6 0
0 0 0.1 90 1.166 0 0 0 0 7 6 2 0 0 0 0 1 2 6 0
0 0 0.1 84 1.151 0 0 0 0 7 6 2 0 0 0 0 1 2 6 0
0 0 0.1 93 1.154 0 0 0 0 7 6 2 0 0 0 0 1 2 6 0
0 0 0.1 90 0.93 0 0 0 0 7 6 2 0 0 0 0 1 2 6 0
0 0 0.1 93 0.925 0 0 0 0 0 6 3 0 0 0 0 1 2 6 0
0 0 0.1 90 1.13 0 0 0 0 0 6 3 0 0 0 0 1 2 6 0
0 0 0.1 87 0.803 0 0 0 0 0 6 3 0 0 0 0 1 2 6 0
0 0 0.1 96 0.808 0 0 0 0 0 6 3 0 0 0 0 1 2 6 0
0 0 0.1 96 0.815 0 0 0 0 0 6 3 0 0 0 0 1 2 6 0
0 0 0.1 93 0.819 0 0 0 0 0 6 3 0 0 0 0 1 2 6 0
0 0 0.1 96 1.191 0 0 0 0 0 6 3 0 0 0 0 1 2 6 0
0 0 0.1 99 1.185 0 0 0 0 0 6 3 0 0 0 0 1 2 6 0
0 0 0.1 96 1.083 0 0 0 0 0 6 3 0 0 0 0 1 2 6 0
0 0 0.1 93 1.115 0 0 0 0 0 6 3 0 0 0 0 1 2 6 0
0 0 0.1 90 1.08 0 0 0 0 0 6 3 0 0 0 0 1 2 6 0
0 0 0.1 84 0.926 0 0 0 0 0 6 3 0 0 0 0 1 2 6 0
0 0 0.1 81 1.019 0 0 0 0 0 6 3 0 0 0 0 1 2 6 0
0 0 0.1 87 1.19 0 0 0 0 0 6 3 0 0 0 0 1 2 6 0
0 0 0.1 90 1.013 0 0 0 0 0 6 3 0 0 0 0 1 2 6 0
