0 0 0.1 87 0.985 0 0 0 0 0 7 1 0 0 0 0 1 1 0 0
0 0 0.1 90 0.888 0 0 0 0 0 7 1 0 0 0 0 1 1 0 0
0 0 0.1 102 0.827 0 0 0 0 0 7 1 0 0 0 0 1 1 0 0
0 0 0.1 96 0.911 0 0 0 0 0 7 1 0 0 0 0 1 1 0 0
0 0 0.1 75 0.925 0 0 0 0 0 7 1 0 0 0 0 1 1 0 0
0 0 0.1 105 0.817 0 0 0 0 0 7 1 0 0 0 0 1 1 0 0
0 0 0.1 93 0.874 0 0 0 0 0 7 1 0 0 0 0 1 1 0 0
0 0 0.1 84 0.874 0 0 0 0 0 7 1 0 0 0 0 1 1 0 0
0 0 0.1 99 1.103 0 0 0 0 0 7 1 0 0 0 0 1 1 0 0
0 0 0.1 81 0.916 0 0 0 0 0 7 1 0 0 0 0 1 1 0 0
0 0 0.1 78 1.148 0 0 0 0 0 7 1 0 0 0 0 1 1 0 0
0 0 0.1 105 0.962 0 0 0 0 0 7 1 0 0 0 0 1 1 0 0
0 0 0.1 75 1.03 0 0 0 0 0 7 1 0 0 0 0 1 1 0 0
0 0 0.1 81 0.941 0 0 0 0 0 7 1 0 0 0 0 1 1 0 0
0 0 0.1 90 1.069 0 0 0 0 0 7 1 0 0 0 0 1 1 0 0
0 0 0.1 78 0.811 0 0 0 0 0 7 1 0 0 0 0 1 1 0 0
0 0 0.1 99 0.961 0 0 0 0 0 7 1 0 0 0 0 1 1 0 0
0 0 0.1 102 0.88 0 0 0 0 0 7 1 0 0 0 0 1 1 0 0
0 0 0.1 93 1.143 0 0 0 0 0 7 1 0 0 0 0 1 1 0 0
0 0 0.1 87 1.189 0 0 0 0 0 7 1 0 0 0 0 1 1 0 0
0 0 0.1 84 0.93 0 0 0 0 0 7 1 0 0 0 0 1 1 0 0
0 0 0.1 96 1.094 0 0 0 0 0 7 1 0 0 0 0 1 1 0 0
0 0 0.1 105 0.937 0 0 0 0 0 7 1 0 0 0 0 1 1 0 0
0 0 0.1 90 1.191 0 0 0 0 0 7 1 0 0 0 0 1 1 0 0
0 0 0.1 99 0.959 0 0 0 0 0 7 1 0 0 0 0 1 1 0 0
0 0 0.1 102 0.952 0 0 0 0 0 7 1 0 0 0 0 1 1 0 0
0 0 0.1 87 1.025 0 0 0 0 0 7 1 0 0 0 0 1 1 0 0
0 0 0.1 96 0.986 0 0 0 0 0 7 1 0 0 0 0 1 1 0 0
0 0 0.1 81 0.879 0 0 0 0 0 7 1 0 0 0 0 1 1 0 0
0 0 0.1 75 0.971 0 0 0 0 0 7 1 0 0 0 0 1 1 0 0
0 0 0.1 93 0.838 0 0 0 0 0 7 1 0 0 0 0 1 1 0 0
0 0 0.1 78 0.847 0 0 0 0 0 7 1 0 0 0 0 1 1 0 0
0 0 0.1 84 0.977 0 0 0 0 0 7 1 0 0 0 0 1 1 0 0
0 0 0.1 90 0.881 0 0 0 0 0 7 1 0 0 0 0 1 1 0 0
0 0 0.1 78 0.972 0 0 0 0 0 7 1 0 0 0 0 1 1 0 0
0 0 0.1 93 1.193 0 0 0 0 0 7 1 0 0 0 0 1 1 0 0
0 0 0.1 102 1.132 0 0 0 0 0 7 1 0 0 0 0 1 1 0 0
0 0 0.1 81 0.915 0 0 0 0 0 7 1 0 0 0 0 1 1 0 0
0 0 0.1 84 1.039 0 0 0 0 0 7 1 0 0 0 0 1 1 0 0
0 0 0.1 99 1.16 0 0 0 0 0 7 1 0 0 0 0 1 1 0 0
0 0 0.1 75 0.982 0 0 0 0 0 6 1 0 0 0 0 1 1 0 0
0 0 0.1 87 0.859 0 0 0 0 0 6 1 0 0 0 0 1 1 0 0
0 0 0.1 96 0.852 0 0 0 0 0 6 1 0 0 0 0 1 1 0 0
0 0 0.1 105 0.81 0 0 0 0 0 6 1 0 0 0 0 1 1 0 0
0 0 0.1 75 1.095 0 0 0 0 0 6 1 0 0 0 0 1 1 0 0
0 0 0.1 78 0.95 0 0 0 0 0 6 1 0 0 0 0 1 1 0 0
0 0 0.1 96 1.03 0 0 0 0 0 6 1 0 0 0 0 1 1 0 0
0 0 0.1 84 1.131 0 0 0 0 0 6 1 0 0 0 0 1 1 0 0
0 0 0.1 87 1.126 0 0 0 0 0 6 1 0 0 0 0 1 1 0 0
0 0 0.1 90 1.15 0 0 0 0 0 6 1 0 0 0 0 1 1 0 0
