0 0 0.1 87 1.054 0 0 0 0 0 4 2 0 0 0 0 1 2 6 0
0 0 0.1 75 0.828 0 0 0 0 0 4 2 0 0 0 0 1 2 6 0
0 0 0.1 93 0.824 0 0 0 0 0 4 2 0 0 0 0 1 2 6 0
0 0 0.1 84 0.703 0 0 0 0 0 4 2 0 0 0 0 1 2 6 0
0 0 0.1 96 0.872 0 0 0 0 0 4 2 0 0 0 0 1 2 6 0
0 0 0.1 105 0.756 0 0 0 0 0 4 2 0 0 0 0 1 2 6 0
0 0 0.1 84 0.802 0 0 0 0 0 4 2 0 0 0 0 1 2 6 0
0 0 0.1 93 1.134 0 0 0 0 0 4 2 0 0 0 0 1 2 6 0
0 0 0.1 96 0.722 0 0 0 0 0 4 2 0 0 0 0 1 2 6 0
0 0 0.1 102 0.948 0 0 0 0 0 4 2 0 0 0 0 1 2 6 0
0 0 0.1 99 0.725 0 0 0 0 5 4 2 0 0 0 0 1 2 6 0
0 0 0.1 87 0.769 0 0 0 0 5 4 2 0 0 0 0 1 2 6 0
0 0 0.1 90 1.072 0 0 0 0 5 4 2 0 0 0 0 1 2 6 0
0 0 0.1 78 0.704 0 0 0 0 5 4 2 0 0 0 0 1 2 6 0
0 0 0.1 105 0.943 0 0 0 0 5 4 2 0 0 0 0 1 2 6 0
0 0 0.1 78 0.852 0 0 0 0 5 4 2 0 0 0 0 1 2 6 0
0 0 0.1 99 0.761 0 0 0 0 5 4 2 0 0 0 0 1 2 6 0
0 0 0.1 81 0.629 0 0 0 0 5 4 2 0 0 0 0 1 2 6 0
0 0 0.1 75 0.663 0 0 0 0 5 4 2 0 0 0 0 1 2 6 0
0 0 0.1 90 0.789 0 0 0 0 5 4 2 0 0 0 0 1 2 6 0
0 0 0.1 102 1.081 0 0 0 0 0 4 2 0 0 0 0 1 2 6 0
0 0 0.1 81 0.738 0 0 0 0 0 4 2 0 0 0 0 1 2 6 0
0 0 0.1 99 0.728 0 0 0 0 0 4 2 0 0 0 0 1 2 6 0
0 0 0.1 105 1.127 0 0 0 0 0 4 2 0 0 0 0 1 2 6 0
0 0 0.1 96 1.196 0 0 0 0 0 4 2 0 0 0 0 1 2 6 0
0 0 0.1 87 2.623 0 0 0 0 2 4 2 0 1 -20 0 1 2 4 0
0 0 0.1 90 0.748 0 0 0 0 0 5 0 1 1 -20 0 0.166666666666667 3 4 0
0 0 0.1 102 3.188 0 0 0 0 -2 4 2 0 1 -20 0 1 2 4 0
0 0 0.1 96 1.132 0 0 0 0 0 5 0 1 1 -20 0 0.166666666666667 3 4 0
0 0 0.1 75 2.745 0 0 0 0 -6 4 2 0 1 -20 0 1 2 4 0
0 0 0.1 105 1.055 0 0 0 0 0 5 0 1 1 -20 0 0.5 3 4 0
0 0 0.1 93 2.938 0 0 0 0 2 4 2 0 1 -20 0 1 2 4 0
0 0 0.1 84 0.784 0 0 0 0 0 5 0 1 1 -20 0 0.166666666666667 3 4 0
0 0 0.1 99 3.017 0 0 0 0 4 4 2 0 1 -20 0 1 2 4 0
0 0 0.1 81 0.802 0 0 0 0 0 5 0 1 1 -20 0 0.333333333333333 3 4 0
0 0 0.1 78 2.724 0 0 0 0 -2 4 2 0 1 -20 0 1 2 4 0
0 0 0.1 105 1.152 0 0 0 0 0 5 0 1 1 -20 0 0.166666666666667 3 4 0
0 0 0.1 75 2.614 0 0 0 0 6 4 2 0 1 -20 0 1 2 4 0
0 0 0.1 81 1.179 0 0 0 0 0 5 0 1 1 -20 0 0.5 3 4 0
0 0 0.1 90 2.79 0 0 0 0 6 4 2 0 1 -20 0 1 2 4 0
0 0 0.1 78 1 0 0 0 0 0 5 0 1 1 -20 0 0.5 3 4 0
0 0 0.1 99 2.921 0 0 0 0 4 4 2 0 1 -20 0 1 2 4 0
0 0 0.1 102 1.091 0 0 0 0 0 5 0 1 1 -20 0 0.333333333333333 3 4 0
0 0 0.1 93 2.712 0 0 0 0 -4 4 2 0 1 -20 0 1 2 4 0
0 0 0.1 87 0.84 0 0 0 0 0 5 0 1 1 -20 0 0.333333333333333 3 4 0
0 0 0.1 84 2.708 0 0 0 0 -4 4 2 0 1 -20 0 1 2 4 0
0 0 0.1 96 0.772 0 0 0 0 0 5 0 1 1 -20 0 0.333333333333333 3 4 0
0 0 0.1 105 2.978 0 0 0 0 -6 4 2 0 1 -20 0 1 2 4 0
0 0 0.1 90 0.781 0 0 0 0 0 5 0 1 1 -20 0 0.5 3 4 0
0 0 0.1 99 2.867 0 0 0 0 2 4 2 0 1 -20 0 1 2 4 0
0 0 0.1 102 1.039 0 0 0 0 0 5 0 1 1 -20 0 0.166666666666667 3 4 0
0 0 0.1 87 3.001 0 0 0 0 -2 4 2 0 1 -20 0 1 2 4 0
0 0 0.1 96 0.787 0 0 0 0 0 5 0 1 1 -20 0 0.166666666666667 3 4 0
0 0 0.1 81 2.888 0 0 0 0 -6 4 2 0 1 -20 0 1 2 4 0
0 0 0.1 75 0.775 0 0 0 0 0 5 0 1 1 -20 0 0.5 3 4 0
0 0 0.1 93 2.71 0 0 0 0 2 4 2 0 1 -20 0 1 2 4 0
0 0 0.1 78 0.817 0 0 0 0 0 5 0 1 1 -20 0 0.166666666666667 3 4 0
0 0 0.1 84 3.143 0 0 0 0 4 4 2 0 1 -20 0 1 2 4 0
0 0 0.1 90 0.837 0 0 0 0 0 5 0 1 1 -20 0 0.333333333333333 3 4 0
0 0 0.1 78 3.068 0 0 0 0 -2 4 2 0 1 -20 0 1 2 4 0
0 0 0.1 93 0.771 0 0 0 0 0 5 0 1 1 -20 0 0.166666666666667 3 4 0
0 0 0.1 102 3.113 0 0 0 0 6 4 2 0 1 -20 0 1 2 4 0
0 0 0.1 81 0.704 0 0 0 0 0 5 0 1 1 -20 0 0.5 3 4 0
0 0 0.1 84 2.648 0 0 0 0 6 4 2 0 1 -20 0 1 2 4 0
0 0 0.1 99 0.776 0 0 0 0 0 5 0 1 1 -20 0 0.5 3 4 0
0 0 0.1 75 3.105 0 0 0 0 4 4 2 0 1 -20 0 1 2 4 0
0 0 0.1 87 1.168 0 0 0 0 0 5 0 1 1 -20 0 0.333333333333333 3 4 0
0 0 0.1 96 2.627 0 0 0 0 -4 4 2 0 1 -20 0 1 2 4 0
0 0 0.1 105 1.056 0 0 0 0 0 5 0 1 1 -20 0 0.333333333333333 3 4 0
0 0 0.1 75 2.779 0 0 0 0 -4 4 2 0 1 -20 0 1 2 4 0
0 0 0.1 78 0.991 0 0 0 0 0 5 0 1 1 -20 0 0.333333333333333 3 4 0
0 0 0.1 96 2.651 0 0 0 0 -6 4 2 0 1 -20 0 1 2 4 0
0 0 0.1 84 1.186 0 0 0 0 0 5 0 1 1 -20 0 0.5 3 4 0
0 0 0.1 87 2.609 0 0 0 0 2 4 2 0 1 -20 0 1 2 4 0
0 0 0.1 90 0.924 0 0 0 0 0 5 0 1 1 -20 0 0.166666666666667 3 4 0
0 0 0.1 93 3.18 0 0 0 0 -2 4 2 0 1 -20 0 1 2 4 0
0 0 0.1 99 0.661 0 0 0 0 0 5 0 1 1 -20 0 0.166666666666667 3 4 0
0 0 0.1 102 2.755 0 0 0 0 -6 4 2 0 1 -20 0 1 2 4 0
0 0 0.1 105 1.138 0 0 0 0 0 5 0 1 1 -20 0 0.5 3 4 0
0 0 0.1 81 2.833 0 0 0 0 2 4 2 0 1 -20 0 1 2 4 0
0 0 0.1 93 1.077 0 0 0 0 0 5 0 1 1 -20 0 0.166666666666667 3 4 0
0 0 0.1 78 2.81 0 0 0 0 4 4 2 0 1 -20 0 1 2 4 0
0 0 0.1 90 0.684 0 0 0 0 0 5 0 1 1 -20 0 0.333333333333333 3 4 0
0 0 0.1 105 2.991 0 0 0 0 -2 4 2 0 1 -20 0 1 2 4 0
0 0 0.1 84 0.927 0 0 0 0 0 5 0 1 1 -20 0 0.166666666666667 3 4 0
0 0 0.1 96 3.168 0 0 0 0 6 4 2 0 1 -20 0 1 2 4 0
0 0 0.1 99 0.944 0 0 0 0 0 5 0 1 1 -20 0 0.5 3 4 0
0 0 0.1 87 3.173 0 0 0 0 6 4 2 0 1 -20 0 1 2 4 0
0 0 0.1 75 1.069 0 0 0 0 0 5 0 1 1 -20 0 0.5 3 4 0
0 0 0.1 102 2.671 0 0 0 0 4 4 2 0 1 -20 0 1 2 4 0
0 0 0.1 81 1.103 0 0 0 0 0 5 0 1 1 -20 0 0.333333333333333 3 4 0
0 0 0.1 78 2.653 0 0 0 0 -4 4 2 0 1 -20 0 1 2 4 0
0 0 0.1 90 1.05 0 0 0 0 0 5 0 1 1 -20 0 0.333333333333333 3 4 0
0 0 0.1 102 2.64 0 0 0 0 -4 4 2 0 1 -20 0 1 2 4 0
0 0 0.1 96 0.647 0 0 0 0 0 5 0 1 1 -20 0 0.333333333333333 3 4 0
0 0 0.1 81 2.664 0 0 0 0 -6 4 2 0 1 -20 0 1 2 4 0
0 0 0.1 87 0.845 0 0 0 0 0 5 0 1 1 -20 0 0.5 3 4 0
0 0 0.1 93 3.185 0 0 0 0 2 4 2 0 1 -20 0 1 2 4 0
0 0 0.1 84 0.699 0 0 0 0 0 5 0 1 1 -20 0 0.166666666666667 3 4 0
0 0 0.1 105 2.902 0 0 0 0 -2 4 2 0 1 -20 0 1 2 4 0
0 0 0.1 75 0.721 0 0 0 0 0 5 0 1 1 -20 0 0.166666666666667 3 4 0
0 0 0.1 99 2.72 0 0 0 0 -6 4 2 0 1 -20 0 1 2 4 0
0 0 0.1 75 0.707 0 0 0 0 0 5 0 1 1 -20 0 0.5 3 4 0
0 0 0.1 87 2.765 0 0 0 0 2 4 2 0 1 -20 0 1 2 4 0
0 0 0.1 90 0.679 0 0 0 0 0 5 0 1 1 -20 0 0.166666666666667 3 4 0
0 0 0.1 105 3.116 0 0 0 0 4 4 2 0 1 -20 0 1 2 4 0
0 0 0.1 78 0.988 0 0 0 0 0 5 0 1 1 -20 0 0.333333333333333 3 4 0
0 0 0.1 96 2.962 0 0 0 0 -2 4 2 0 1 -20 0 1 2 4 0
0 0 0.1 102 1.184 0 0 0 0 0 5 0 1 1 -20 0 0.166666666666667 3 4 0
0 0 0.1 84 2.826 0 0 0 0 6 4 2 0 1 -20 0 1 2 4 0
0 0 0.1 81 1.092 0 0 0 0 0 5 0 1 1 -20 0 0.5 3 4 0
0 0 0.1 93 2.737 0 0 0 0 6 4 2 0 1 -20 0 1 2 4 0
0 0 0.1 99 0.724 0 0 0 0 0 5 0 1 1 -20 0 0.5 3 4 0
0 0 0.1 75 2.717 0 0 0 0 4 4 2 0 1 -20 0 1 2 4 0
0 0 0.1 87 0.745 0 0 0 0 0 5 0 1 1 -20 0 0.333333333333333 3 4 0
0 0 0.1 99 3.188 0 0 0 0 -4 4 2 0 1 -20 0 1 2 4 0
0 0 0.1 93 0.915 0 0 0 0 0 5 0 1 1 -20 0 0.333333333333333 3 4 0
0 0 0.1 78 3.096 0 0 0 0 -4 4 2 0 1 -20 0 1 2 4 0
0 0 0.1 90 1.003 0 0 0 0 0 5 0 1 1 -20 0 0.333333333333333 3 4 0
0 0 0.1 102 3.187 0 0 0 0 -6 4 2 0 1 -20 0 1 2 4 0
0 0 0.1 81 0.635 0 0 0 0 0 5 0 1 1 -20 0 0.5 3 4 0
0 0 0.1 87 1.054 0 0 0 0 0 4 2 0 0 0 0 1 2 6 0
0 0 0.1 75 0.828 0 0 0 0 0 4 2 0 0 0 0 1 2 6 0
0 0 0.1 93 0.824 0 0 0 0 0 4 2 0 0 0 0 1 2 6 0
0 0 0.1 84 0.703 0 0 0 0 0 4 2 0 0 0 0 1 2 6 0
0 0 0.1 96 0.872 0 0 0 0 0 4 2 0 0 0 0 1 2 6 0
0 0 0.1 105 0.756 0 0 0 0 0 4 2 0 0 0 0 1 2 6 0
0 0 0.1 84 0.802 0 0 0 0 0 4 2 0 0 0 0 1 2 6 0
0 0 0.1 93 1.134 0 0 0 0 0 4 2 0 0 0 0 1 2 6 0
0 0 0.1 96 0.722 0 0 0 0 0 4 2 0 0 0 0 1 2 6 0
0 0 0.1 102 0.948 0 0 0 0 0 4 2 0 0 0 0 1 2 6 0
0 0 0.1 99 0.725 0 0 0 0 5 4 2 0 0 0 0 1 2 6 0
0 0 0.1 87 0.769 0 0 0 0 5 4 2 0 0 0 0 1 2 6 0
0 0 0.1 90 1.072 0 0 0 0 5 4 2 0 0 0 0 1 2 6 0
0 0 0.1 78 0.704 0 0 0 0 5 4 2 0 0 0 0 1 2 6 0
0 0 0.1 105 0.943 0 0 0 0 5 4 2 0 0 0 0 1 2 6 0
0 0 0.1 78 0.852 0 0 0 0 5 4 2 0 0 0 0 1 2 6 0
0 0 0.1 99 0.761 0 0 0 0 5 4 2 0 0 0 0 1 2 6 0
0 0 0.1 81 0.629 0 0 0 0 5 4 2 0 0 0 0 1 2 6 0
0 0 0.1 75 0.663 0 0 0 0 5 4 2 0 0 0 0 1 2 6 0
0 0 0.1 90 0.789 0 0 0 0 5 4 2 0 0 0 0 1 2 6 0
0 0 0.1 102 1.081 0 0 0 0 0 4 2 0 0 0 0 1 2 6 0
0 0 0.1 81 0.738 0 0 0 0 0 4 2 0 0 0 0 1 2 6 0
0 0 0.1 99 0.728 0 0 0 0 0 4 2 0 0 0 0 1 2 6 0
0 0 0.1 105 1.127 0 0 0 0 0 4 2 0 0 0 0 1 2 6 0
0 0 0.1 96 1.196 0 0 0 0 0 4 2 0 0 0 0 1 2 6 0
