0 0 0.1 87 1.623 0 0 0 0 2 4 2 0 0 0 0 1 2 4 0
0 0 0.1 90 0.748 0 0 0 0 0 5 0 0 0 0 0 0.166666666666667 3 4 0
0 0 0.1 102 2.188 0 0 0 0 -2 4 2 0 0 0 0 1 2 4 0
0 0 0.1 96 1.132 0 0 0 0 0 5 0 0 0 0 0 0.166666666666667 3 4 0
0 0 0.1 75 1.745 0 0 0 0 -6 4 2 0 0 0 0 1 2 4 0
0 0 0.1 105 1.055 0 0 0 0 0 5 0 0 0 0 0 0.5 3 4 0
0 0 0.1 93 1.938 0 0 0 0 2 4 2 0 0 0 0 1 2 4 0
0 0 0.1 84 0.784 0 0 0 0 0 5 0 0 0 0 0 0.166666666666667 3 4 0
0 0 0.1 99 2.017 0 0 0 0 4 4 2 0 0 0 0 1 2 4 0
0 0 0.1 81 0.802 0 0 0 0 0 5 0 0 0 0 0 0.333333333333333 3 4 0
0 0 0.1 78 1.724 0 0 0 0 -2 4 2 0 0 0 0 1 2 4 0
0 0 0.1 105 1.152 0 0 0 0 0 5 0 0 0 0 0 0.166666666666667 3 4 0
0 0 0.1 75 1.614 0 0 0 0 6 4 2 0 0 0 0 1 2 4 0
0 0 0.1 81 1.179 0 0 0 0 0 5 0 0 0 0 0 0.5 3 4 0
0 0 0.1 90 1.79 0 0 0 0 6 4 2 0 0 0 0 1 2 4 0
0 0 0.1 78 1 0 0 0 0 0 5 0 0 0 0 0 0.5 3 4 0
0 0 0.1 99 1.921 0 0 0 0 4 4 2 0 0 0 0 1 2 4 0
0 0 0.1 102 1.091 0 0 0 0 0 5 0 0 0 0 0 0.333333333333333 3 4 0
0 0 0.1 93 1.712 0 0 0 0 -4 4 2 0 0 0 0 1 2 4 0
0 0 0.1 87 0.84 0 0 0 0 0 5 0 0 0 0 0 0.333333333333333 3 4 0
0 0 0.1 84 1.708 0 0 0 0 -4 4 2 0 0 0 0 1 2 4 0
0 0 0.1 96 0.772 0 0 0 0 0 5 0 0 0 0 0 0.333333333333333 3 4 0
0 0 0.1 105 1.978 0 0 0 0 -6 4 2 0 0 0 0 1 2 4 0
0 0 0.1 90 0.781 0 0 0 0 0 5 0 0 0 0 0 0.5 3 4 0
0 0 0.1 99 1.867 0 0 0 0 2 4 2 0 0 0 0 1 2 4 0
0 0 0.1 102 1.039 0 0 0 0 0 5 0 0 0 0 0 0.166666666666667 3 4 0
0 0 0.1 87 2.001 0 0 0 0 -2 4 2 0 0 0 0 1 2 4 0
0 0 0.1 96 0.787 0 0 0 0 0 5 0 0 0 0 0 0.166666666666667 3 4 0
0 0 0.1 81 1.888 0 0 0 0 -6 4 2 0 0 0 0 1 2 4 0
0 0 0.1 75 0.775 0 0 0 0 0 5 0 0 0 0 0 0.5 3 4 0
0 0 0.1 93 1.71 0 0 0 0 2 4 2 0 0 0 0 1 2 4 0
0 0 0.1 78 0.817 0 0 0 0 0 5 0 0 0 0 0 0.166666666666667 3 4 0
0 0 0.1 84 2.143 0 0 0 0 4 4 2 0 0 0 0 1 2 4 0
0 0 0.1 90 0.837 0 0 0 0 0 5 0 0 0 0 0 0.333333333333333 3 4 0
0 0 0.1 78 2.068 0 0 0 0 -2 4 2 0 0 0 0 1 2 4 0
0 0 0.1 93 0.771 0 0 0 0 0 5 0 0 0 0 0 0.166666666666667 3 4 0
0 0 0.1 102 2.113 0 0 0 0 6 4 2 0 0 0 0 1 2 4 0
0 0 0.1 81 0.704 0 0 0 0 0 5 0 0 0 0 0 0.5 3 4 0
0 0 0.1 84 1.648 0 0 0 0 6 4 2 0 0 0 0 1 2 4 0
0 0 0.1 99 0.776 0 0 0 0 0 5 0 0 0 0 0 0.5 3 4 0
0 0 0.1 75 2.105 0 0 0 0 4 4 2 0 0 0 0 1 2 4 0
0 0 0.1 87 1.168 0 0 0 0 0 5 0 0 0 0 0 0.333333333333333 3 4 0
0 0 0.1 96 1.627 0 0 0 0 -4 4 2 0 0 0 0 1 2 4 0
0 0 0.1 105 1.056 0 0 0 0 0 5 0 0 0 0 0 0.333333333333333 3 4 0
0 0 0.1 75 1.779 0 0 0 0 -4 4 2 0 0 0 0 1 2 4 0
0 0 0.1 78 0.991 0 0 0 0 0 5 0 0 0 0 0 0.333333333333333 3 4 0
0 0 0.1 96 1.651 0 0 0 0 -6 4 2 0 0 0 0 1 2 4 0
0 0 0.1 84 1.186 0 0 0 0 0 5 0 0 0 0 0 0.5 3 4 0
0 0 0.1 87 1.609 0 0 0 0 2 4 2 0 0 0 0 1 2 4 0
0 0 0.1 90 0.924 0 0 0 0 0 5 0 0 0 0 0 0.166666666666667 3 4 0
0 0 0.1 93 2.18 0 0 0 0 -2 4 2 0 0 0 0 1 2 4 0
0 0 0.1 99 0.661 0 0 0 0 0 5 0 0 0 0 0 0.166666666666667 3 4 0
0 0 0.1 102 1.755 0 0 0 0 -6 4 2 0 0 0 0 1 2 4 0
0 0 0.1 105 1.138 0 0 0 0 0 5 0 0 0 0 0 0.5 3 4 0
0 0 0.1 81 1.833 0 0 0 0 2 4 2 0 0 0 0 1 2 4 0
0 0 0.1 93 1.077 0 0 0 0 0 5 0 0 0 0 0 0.166666666666667 3 4 0
0 0 0.1 78 1.81 0 0 0 0 4 4 2 0 0 0 0 1 2 4 0
0 0 0.1 90 0.684 0 0 0 0 0 5 0 0 0 0 0 0.333333333333333 3 4 0
0 0 0.1 105 1.991 0 0 0 0 -2 4 2 0 0 0 0 1 2 4 0
0 0 0.1 84 0.927 0 0 0 0 0 5 0 0 0 0 0 0.166666666666667 3 4 0
0 0 0.1 96 2.168 0 0 0 0 6 4 2 0 0 0 0 1 2 4 0
0 0 0.1 99 0.944 0 0 0 0 0 5 0 0 0 0 0 0.5 3 4 0
0 0 0.1 87 2.173 0 0 0 0 6 4 2 0 0 0 0 1 2 4 0
0 0 0.1 75 1.069 0 0 0 0 0 5 0 0 0 0 0 0.5 3 4 0
0 0 0.1 102 1.671 0 0 0 0 4 4 2 0 0 0 0 1 2 4 0
0 0 0.1 81 1.103 0 0 0 0 0 5 0 0 0 0 0 0.333333333333333 3 4 0
0 0 0.1 78 1.653 0 0 0 0 -4 4 2 0 0 0 0 1 2 4 0
0 0 0.1 90 1.05 0 0 0 0 0 5 0 0 0 0 0 0.333333333333333 3 4 0
0 0 0.1 102 1.64 0 0 0 0 -4 4 2 0 0 0 0 1 2 4 0
0 0 0.1 96 0.647 0 0 0 0 0 5 0 0 0 0 0 0.333333333333333 3 4 0
0 0 0.1 81 1.664 0 0 0 0 -6 4 2 0 0 0 0 1 2 4 0
0 0 0.1 87 0.845 0 0 0 0 0 5 0 0 0 0 0 0.5 3 4 0
0 0 0.1 93 2.185 0 0 0 0 2 4 2 0 0 0 0 1 2 4 0
0 0 0.1 84 0.699 0 0 0 0 0 5 0 0 0 0 0 0.166666666666667 3 4 0
0 0 0.1 105 1.902 0 0 0 0 -2 4 2 0 0 0 0 1 2 4 0
0 0 0.1 75 0.721 0 0 0 0 0 5 0 0 0 0 0 0.166666666666667 3 4 0
0 0 0.1 99 1.72 0 0 0 0 -6 4 2 0 0 0 0 1 2 4 0
0 0 0.1 75 0.707 0 0 0 0 0 5 0 0 0 0 0 0.5 3 4 0
0 0 0.1 87 1.765 0 0 0 0 2 4 2 0 0 0 0 1 2 4 0
0 0 0.1 90 0.679 0 0 0 0 0 5 0 0 0 0 0 0.166666666666667 3 4 0
0 0 0.1 105 2.116 0 0 0 0 4 4 2 0 0 0 0 1 2 4 0
0 0 0.1 78 0.988 0 0 0 0 0 5 0 0 0 0 0 0.333333333333333 3 4 0
0 0 0.1 96 1.962 0 0 0 0 -2 4 2 0 0 0 0 1 2 4 0
0 0 0.1 102 1.184 0 0 0 0 0 5 0 0 0 0 0 0.166666666666667 3 4 0
0 0 0.1 84 1.826 0 0 0 0 6 4 2 0 0 0 0 1 2 4 0
0 0 0.1 81 1.092 0 0 0 0 0 5 0 0 0 0 0 0.5 3 4 0
0 0 0.1 93 1.737 0 0 0 0 6 4 2 0 0 0 0 1 2 4 0
0 0 0.1 99 0.724 0 0 0 0 0 5 0 0 0 0 0 0.5 3 4 0
0 0 0.1 75 1.717 0 0 0 0 4 4 2 0 0 0 0 1 2 4 0
0 0 0.1 87 0.745 0 0 0 0 0 5 0 0 0 0 0 0.333333333333333 3 4 0
0 0 0.1 99 2.188 0 0 0 0 -4 4 2 0 0 0 0 1 2 4 0
0 0 0.1 93 0.915 0 0 0 0 0 5 0 0 0 0 0 0.333333333333333 3 4 0
0 0 0.1 78 2.096 0 0 0 0 -4 4 2 0 0 0 0 1 2 4 0
0 0 0.1 90 1.003 0 0 0 0 0 5 0 0 0 0 0 0.333333333333333 3 4 0
0 0 0.1 102 2.187 0 0 0 0 -6 4 2 0 0 0 0 1 2 4 0
0 0 0.1 81 0.635 0 0 0 0 0 5 0 0 0 0 0 0.5 3 4 0
0 0 0.1 102 1.122 0 0 0 0 0 4 2 0 0 0 0 1 2 6 0
0 0 0.1 84 0.909 0 0 0 0 0 4 2 0 0 0 0 1 2 6 0
0 0 0.1 90 0.977 0 0 0 0 0 4 2 0 0 0 0 1 2 6 0
0 0 0.1 99 1.107 0 0 0 0 0 4 2 0 0 0 0 1 2 6 0
0 0 0.1 96 0.771 0 0 0 0 0 4 2 0 0 0 0 1 2 6 0
0 0 0.1 90 1.001 0 0 0 0 0 4 2 0 0 0 0 1 2 6 0
0 0 0.1 78 0.691 0 0 0 0 0 4 2 0 0 0 0 1 2 6 0
0 0 0.1 75 1.19 0 0 0 0 0 4 2 0 0 0 0 1 2 6 0
0 0 0.1 75 0.779 0 0 0 0 0 4 2 0 0 0 0 1 2 6 0
0 0 0.1 87 0.67 0 0 0 0 0 4 2 0 0 0 0 1 2 6 0
0 0 0.1 99 0.698 0 0 0 0 7 4 2 0 0 0 0 1 2 6 0
0 0 0.1 78 1.167 0 0 0 0 7 4 2 0 0 0 0 1 2 6 0
0 0 0.1 105 1.077 0 0 0 0 7 4 2 0 0 0 0 1 2 6 0
0 0 0.1 81 1.185 0 0 0 0 7 4 2 0 0 0 0 1 2 6 0
0 0 0.1 96 0.81 0 0 0 0 7 4 2 0 0 0 0 1 2 6 0
0 0 0.1 105 0.902 0 0 0 0 7 4 2 0 0 0 0 1 2 6 0
0 0 0.1 81 1.087 0 0 0 0 7 4 2 0 0 0 0 1 2 6 0
0 0 0.1 102 0.605 0 0 0 0 7 4 2 0 0 0 0 1 2 6 0
0 0 0.1 93 0.609 0 0 0 0 7 4 2 0 0 0 0 1 2 6 0
0 0 0.1 87 1.011 0 0 0 0 7 4 2 0 0 0 0 1 2 6 0
0 0 0.1 84 1.158 0 0 0 0 0 4 2 0 0 0 0 1 2 6 0
0 0 0.1 93 0.766 0 0 0 0 0 4 2 0 0 0 0 1 2 6 0
0 0 0.1 105 1.088 0 0 0 0 0 4 2 0 0 0 0 1 2 6 0
0 0 0.1 90 1.072 0 0 0 0 0 4 2 0 0 0 0 1 2 6 0
0 0 0.1 99 1.194 0 0 0 0 0 4 2 0 0 0 0 1 2 6 0
