0 0 0.1 87 1.054 0 0 0 0 0 4 2 0 0 0 0 1 2 6 0
0 0 0.1 75 0.828 0 0 0 0 0 4 2 0 0 0 0 1 2 6 0
0 0 0.1 93 0.824 0 0 0 0 0 4 2 0 0 0 0 1 2 6 0
0 0 0.1 84 0.703 0 0 0 0 0 4 2 0 0 0 0 1 2 6 0
0 0 0.1 96 0.872 0 0 0 0 0 4 2 0 0 0 0 1 2 6 0
0 0 0.1 105 0.756 0 0 0 0 0 4 2 0 0 0 0 1 2 6 0
0 0 0.1 84 0.802 0 0 0 0 0 4 2 0 0 0 0 1 2 6 0
0 0 0.1 93 1.134 0 0 0 0 0 4 2 0 0 0 0 1 2 6 0
0 0 0.1 96 0.722 0 0 0 0 0 4 2 0 0 0 0 1 2 6 0
0 0 0.1 102 0.948 0 0 0 0 0 4 2 0 0 0 0 1 2 6 0
0 0 0.1 99 0.725 0 0 0 0 5 4 2 0 0 0 0 1 2 6 0
0 0 0.1 87 0.769 0 0 0 0 5 4 2 0 0 0 0 1 2 6 0
0 0 0.1 90 1.072 0 0 0 0 5 4 2 0 0 0 0 1 2 6 0
0 0 0.1 78 0.704 0 0 0 0 5 4 2 0 0 0 0 1 2 6 0
0 0 0.1 105 0.943 0 0 0 0 5 4 2 0 0 0 0 1 2 6 0
0 0 0.1 78 0.852 0 0 0 0 5 4 2 0 0 0 0 1 2 6 0
0 0 0.1 99 0.761 0 0 0 0 5 4 2 0 0 0 0 1 2 6 0
0 0 0.1 81 0.629 0 0 0 0 5 4 2 0 0 0 0 1 2 6 0
0 0 0.1 75 0.663 0 0 0 0 5 4 2 0 0 0 0 1 2 6 0
0 0 0.1 90 0.789 0 0 0 0 5 4 2 0 0 0 0 1 2 6 0
0 0 0.1 102 1.081 0 0 0 0 0 4 2 0 0 0 0 1 2 6 0
0 0 0.1 81 0.738 0 0 0 0 0 4 2 0 0 0 0 1 2 6 0
0 0 0.1 99 0.728 0 0 0 0 0 4 2 0 0 0 0 1 2 6 0
0 0 0.1 105 1.127 0 0 0 0 0 4 2 0 0 0 0 1 2 6 0
0 0 0.1 96 1.196 0 0 0 0 0 4 2 0 0 0 0 1 2 6 0
