0 0 0.1 87 0.973 0 0 0 0 0 4 2 0 1 -20 0 0.5 2 4 0
0 0 0.1 90 1.158 0 0 0 0 0 4 2 0 1 -20 0 0.5 2 4 0
0 0 0.1 102 1.34 0 0 0 0 0 4 2 0 1 -20 0 0.5 2 4 0
0 0 0.1 96 1.073 0 0 0 0 0 4 2 0 1 -20 0 0.5 2 4 0
0 0 0.1 75 0.889 0 0 0 0 -5 4 2 0 1 -20 0 0.5 2 4 0
0 0 0.1 105 0.878 0 0 0 0 0 7 0 1 1 -20 0 0.5 3 4 0
0 0 0.1 93 0.815 0 0 0 0 0 4 2 0 1 -20 0 0.5 2 4 0
0 0 0.1 84 1.242 0 0 0 0 0 4 2 0 1 -20 0 0.5 2 4 0
0 0 0.1 99 1.025 0 0 0 0 0 4 2 0 1 -20 0 0.5 2 4 0
0 0 0.1 81 1.145 0 0 0 0 0 4 2 0 1 -20 0 0.5 2 4 0
0 0 0.1 78 1.296 0 0 0 0 0 4 2 0 1 -20 0 0.5 2 4 0
0 0 0.1 105 1.289 0 0 0 0 5 4 2 0 1 -20 0 0.5 2 4 0
0 0 0.1 75 1.324 0 0 0 0 0 7 0 1 1 -20 0 0.5 3 4 0
0 0 0.1 81 0.867 0 0 0 0 0 4 2 0 1 -20 0 0.5 2 4 0
0 0 0.1 90 1.372 0 0 0 0 0 4 2 0 1 -20 0 0.5 2 4 0
0 0 0.1 78 1.142 0 0 0 0 0 4 2 0 1 -20 0 0.5 2 4 0
0 0 0.1 99 0.823 0 0 0 0 0 4 2 0 1 -20 0 0.5 2 4 0
0 0 0.1 102 0.948 0 0 0 0 0 4 2 0 1 -20 0 0.5 2 4 0
0 0 0.1 93 1.388 0 0 0 0 0 4 2 0 1 -20 0 0.5 2 4 0
0 0 0.1 87 1.332 0 0 0 0 -5 4 2 0 1 -20 0 0.5 2 4 0
0 0 0.1 84 0.945 0 0 0 0 0 7 0 1 1 -20 0 0.5 3 4 0
0 0 0.1 96 1.255 0 0 0 0 0 4 2 0 1 -20 0 0.5 2 4 0
0 0 0.1 105 1.138 0 0 0 0 0 4 2 0 1 -20 0 0.5 2 4 0
0 0 0.1 90 0.984 0 0 0 0 0 4 2 0 1 -20 0 0.5 2 4 0
0 0 0.1 99 1.217 0 0 0 0 0 4 2 0 1 -20 0 0.5 2 4 0
0 0 0.1 102 1.002 0 0 0 0 0 4 2 0 1 -20 0 0.5 2 4 0
0 0 0.1 87 0.924 0 0 0 0 -5 4 2 0 1 -20 0 0.5 2 4 0
0 0 0.1 96 1.352 0 0 0 0 0 7 0 1 1 -20 0 0.5 3 4 0
0 0 0.1 81 0.814 0 0 0 0 0 4 2 0 1 -20 0 0.5 2 4 0
0 0 0.1 75 1.379 0 0 0 0 0 4 2 0 1 -20 0 0.5 2 4 0
0 0 0.1 93 0.99 0 0 0 0 0 4 2 0 1 -20 0 0.5 2 4 0
0 0 0.1 78 1.2 0 0 0 0 0 4 2 0 1 -20 0 0.5 2 4 0
0 0 0.1 84 1.121 0 0 0 0 5 4 2 0 1 -20 0 0.5 2 4 0
0 0 0.1 90 1.291 0 0 0 0 0 7 0 1 1 -20 0 0.5 3 4 0
0 0 0.1 78 0.912 0 0 0 0 0 4 2 0 1 -20 0 0.5 2 4 0
0 0 0.1 93 1.04 0 0 0 0 0 4 2 0 1 -20 0 0.5 2 4 0
0 0 0.1 102 0.908 0 0 0 0 0 4 2 0 1 -20 0 0.5 2 4 0
0 0 0.1 81 0.972 0 0 0 0 0 4 2 0 1 -20 0 0.5 2 4 0
0 0 0.1 84 1.178 0 0 0 0 0 4 2 0 1 -20 0 0.5 2 4 0
0 0 0.1 99 0.981 0 0 0 0 0 4 2 0 1 -20 0 0.5 2 4 0
0 0 0.1 75 1.067 0 0 0 0 5 4 2 0 1 -20 0 0.5 2 4 0
0 0 0.1 87 1.239 0 0 0 0 0 7 0 1 1 -20 0 0.5 3 4 0
0 0 0.1 96 1.201 0 0 0 0 0 4 2 0 1 -20 0 0.5 2 4 0
0 0 0.1 105 0.987 0 0 0 0 0 4 2 0 1 -20 0 0.5 2 4 0
0 0 0.1 75 1.088 0 0 0 0 0 4 2 0 1 -20 0 0.5 2 4 0
0 0 0.1 78 0.975 0 0 0 0 0 4 2 0 1 -20 0 0.5 2 4 0
0 0 0.1 96 0.91 0 0 0 0 0 4 2 0 1 -20 0 0.5 2 4 0
0 0 0.1 84 1.017 0 0 0 0 -5 4 2 0 1 -20 0 0.5 2 4 0
0 0 0.1 87 1.343 0 0 0 0 0 7 0 1 1 -20 0 0.5 3 4 0
0 0 0.1 90 1.037 0 0 0 0 0 4 2 0 1 -20 0 0.5 2 4 0
0 0 0.1 93 1.268 0 0 0 0 0 4 2 0 1 -20 0 0.5 2 4 0
0 0 0.1 99 0.971 0 0 0 0 0 4 2 0 1 -20 0 0.5 2 4 0
0 0 0.1 102 1.313 0 0 0 0 0 4 2 0 1 -20 0 0.5 2 4 0
0 0 0.1 105 0.904 0 0 0 0 5 4 2 0 1 -20 0 0.5 2 4 0
0 0 0.1 81 0.848 0 0 0 0 0 7 0 1 1 -20 0 0.5 3 4 0
0 0 0.1 93 0.976 0 0 0 0 0 4 2 0 1 -20 0 0.5 2 4 0
0 0 0.1 78 1.305 0 0 0 0 0 4 2 0 1 -20 0 0.5 2 4 0
0 0 0.1 90 1.368 0 0 0 0 0 4 2 0 1 -20 0 0.5 2 4 0
0 0 0.1 105 0.827 0 0 0 0 0 4 2 0 1 -20 0 0.5 2 4 0
0 0 0.1 84 1.256 0 0 0 0 0 4 2 0 1 -20 0 0.5 2 4 0
0 0 0.1 96 0.979 0 0 0 0 0 4 2 0 1 -20 0 0.5 2 4 0
0 0 0.1 99 1.191 0 0 0 0 -5 4 2 0 1 -20 0 0.5 2 4 0
0 0 0.1 87 0.851 0 0 0 0 0 7 0 1 1 -20 0 0.5 3 4 0
0 0 0.1 75 1.386 0 0 0 0 0 4 2 0 1 -20 0 0.5 2 4 0
0 0 0.1 102 0.809 0 0 0 0 0 4 2 0 1 -20 0 0.5 2 4 0
0 0 0.1 81 1.124 0 0 0 0 0 4 2 0 1 -20 0 0.5 2 4 0
0 0 0.1 78 1.38 0 0 0 0 0 4 2 0 1 -20 0 0.5 2 4 0
0 0 0.1 90 0.861 0 0 0 0 0 4 2 0 1 -20 0 0.5 2 4 0
0 0 0.1 102 0.955 0 0 0 0 0 4 2 0 1 -20 0 0.5 2 4 0
0 0 0.1 96 1.338 0 0 0 0 5 4 2 0 1 -20 0 0.5 2 4 0
0 0 0.1 81 1.033 0 0 0 0 0 7 0 1 1 -20 0 0.5 3 4 0
0 0 0.1 87 1.277 0 0 0 0 0 4 2 0 1 -20 0 0.5 2 4 0
0 0 0.1 93 1.01 0 0 0 0 0 4 2 0 1 -20 0 0.5 2 4 0
0 0 0.1 84 0.884 0 0 0 0 0 4 2 0 1 -20 0 0.5 2 4 0
0 0 0.1 105 1.191 0 0 0 0 0 4 2 0 1 -20 0 0.5 2 4 0
0 0 0.1 75 1.127 0 0 0 0 -5 4 2 0 1 -20 0 0.5 2 4 0
0 0 0.1 99 1.368 0 0 0 0 0 7 0 1 1 -20 0 0.5 3 4 0
0 0 0.1 75 1.144 0 0 0 0 0 4 2 0 1 -20 0 0.5 2 4 0
0 0 0.1 87 1.373 0 0 0 0 0 4 2 0 1 -20 0 0.5 2 4 0
0 0 0.1 90 1.269 0 0 0 0 0 4 2 0 1 -20 0 0.5 2 4 0
0 0 0.1 105 0.871 0 0 0 0 0 4 2 0 1 -20 0 0.5 2 4 0
0 0 0.1 78 1.303 0 0 0 0 0 4 2 0 1 -20 0 0.5 2 4 0
0 0 0.1 96 0.853 0 0 0 0 5 4 2 0 1 -20 0 0.5 2 4 0
0 0 0.1 102 1.25 0 0 0 0 0 7 0 1 1 -20 0 0.5 3 4 0
