0 0 0.1 87 0.721 0 0 0 0 5 4 2 0 0 0 0 0.5 2 4 0
0 0 0.1 90 0.857 0 0 0 0 0 5 0 0 0 0 0 0.5 3 4 0
0 0 0.1 102 1.189 0 0 0 0 5 4 2 0 0 0 0 0.5 2 4 0
0 0 0.1 96 1.098 0 0 0 0 0 5 0 0 0 0 0 0.5 3 4 0
0 0 0.1 75 0.773 0 0 0 0 -5 4 2 0 0 0 0 0.5 2 4 0
0 0 0.1 105 0.958 0 0 0 0 0 5 0 0 0 0 0 0.5 3 4 0
0 0 0.1 93 1.14 0 0 0 0 -5 4 2 0 0 0 0 0.5 2 4 0
0 0 0.1 84 0.873 0 0 0 0 0 5 0 0 0 0 0 0.5 3 4 0
0 0 0.1 99 0.689 0 0 0 0 5 4 2 0 0 0 0 0.5 2 4 0
0 0 0.1 81 0.678 0 0 0 0 0 5 0 0 0 0 0 0.5 3 4 0
0 0 0.1 78 0.615 0 0 0 0 5 4 2 0 0 0 0 0.5 2 4 0
0 0 0.1 105 1.042 0 0 0 0 0 5 0 0 0 0 0 0.5 3 4 0
0 0 0.1 75 0.825 0 0 0 0 5 4 2 0 0 0 0 0.5 2 4 0
0 0 0.1 81 0.945 0 0 0 0 0 5 0 0 0 0 0 0.5 3 4 0
0 0 0.1 90 1.096 0 0 0 0 -5 4 2 0 0 0 0 0.5 2 4 0
0 0 0.1 78 1.089 0 0 0 0 0 5 0 0 0 0 0 0.5 3 4 0
0 0 0.1 99 1.124 0 0 0 0 -5 4 2 0 0 0 0 0.5 2 4 0
0 0 0.1 102 0.667 0 0 0 0 0 5 0 0 0 0 0 0.5 3 4 0
0 0 0.1 93 1.172 0 0 0 0 -5 4 2 0 0 0 0 0.5 2 4 0
0 0 0.1 87 0.942 0 0 0 0 0 5 0 0 0 0 0 0.5 3 4 0
0 0 0.1 84 0.623 0 0 0 0 5 4 2 0 0 0 0 0.5 2 4 0
0 0 0.1 96 0.748 0 0 0 0 0 5 0 0 0 0 0 0.5 3 4 0
0 0 0.1 105 1.188 0 0 0 0 -5 4 2 0 0 0 0 0.5 2 4 0
0 0 0.1 90 1.132 0 0 0 0 0 5 0 0 0 0 0 0.5 3 4 0
0 0 0.1 99 0.745 0 0 0 0 5 4 2 0 0 0 0 0.5 2 4 0
0 0 0.1 102 1.055 0 0 0 0 0 5 0 0 0 0 0 0.5 3 4 0
0 0 0.1 87 0.938 0 0 0 0 5 4 2 0 0 0 0 0.5 2 4 0
0 0 0.1 96 0.784 0 0 0 0 0 5 0 0 0 0 0 0.5 3 4 0
0 0 0.1 81 1.017 0 0 0 0 -5 4 2 0 0 0 0 0.5 2 4 0
0 0 0.1 75 0.802 0 0 0 0 0 5 0 0 0 0 0 0.5 3 4 0
0 0 0.1 93 0.724 0 0 0 0 -5 4 2 0 0 0 0 0.5 2 4 0
0 0 0.1 78 1.152 0 0 0 0 0 5 0 0 0 0 0 0.5 3 4 0
0 0 0.1 84 0.614 0 0 0 0 5 4 2 0 0 0 0 0.5 2 4 0
0 0 0.1 90 1.179 0 0 0 0 0 5 0 0 0 0 0 0.5 3 4 0
0 0 0.1 78 0.79 0 0 0 0 5 4 2 0 0 0 0 0.5 2 4 0
0 0 0.1 93 1 0 0 0 0 0 5 0 0 0 0 0 0.5 3 4 0
0 0 0.1 102 0.921 0 0 0 0 -5 4 2 0 0 0 0 0.5 2 4 0
0 0 0.1 81 1.091 0 0 0 0 0 5 0 0 0 0 0 0.5 3 4 0
0 0 0.1 84 0.712 0 0 0 0 -5 4 2 0 0 0 0 0.5 2 4 0
0 0 0.1 99 0.84 0 0 0 0 0 5 0 0 0 0 0 0.5 3 4 0
0 0 0.1 75 0.708 0 0 0 0 5 4 2 0 0 0 0 0.5 2 4 0
0 0 0.1 87 0.772 0 0 0 0 0 5 0 0 0 0 0 0.5 3 4 0
0 0 0.1 96 0.978 0 0 0 0 5 4 2 0 0 0 0 0.5 2 4 0
0 0 0.1 105 0.781 0 0 0 0 0 5 0 0 0 0 0 0.5 3 4 0
0 0 0.1 75 0.867 0 0 0 0 5 4 2 0 0 0 0 0.5 2 4 0
0 0 0.1 78 1.039 0 0 0 0 0 5 0 0 0 0 0 0.5 3 4 0
0 0 0.1 96 1.001 0 0 0 0 -5 4 2 0 0 0 0 0.5 2 4 0
0 0 0.1 84 0.787 0 0 0 0 0 5 0 0 0 0 0 0.5 3 4 0
0 0 0.1 87 0.888 0 0 0 0 -5 4 2 0 0 0 0 0.5 2 4 0
0 0 0.1 90 0.775 0 0 0 0 0 5 0 0 0 0 0 0.5 3 4 0
0 0 0.1 93 0.71 0 0 0 0 -5 4 2 0 0 0 0 0.5 2 4 0
0 0 0.1 99 0.817 0 0 0 0 0 5 0 0 0 0 0 0.5 3 4 0
0 0 0.1 102 1.143 0 0 0 0 5 4 2 0 0 0 0 0.5 2 4 0
0 0 0.1 105 0.837 0 0 0 0 0 5 0 0 0 0 0 0.5 3 4 0
0 0 0.1 81 1.068 0 0 0 0 5 4 2 0 0 0 0 0.5 2 4 0
0 0 0.1 93 0.771 0 0 0 0 0 5 0 0 0 0 0 0.5 3 4 0
0 0 0.1 78 1.113 0 0 0 0 -5 4 2 0 0 0 0 0.5 2 4 0
0 0 0.1 90 0.704 0 0 0 0 0 5 0 0 0 0 0 0.5 3 4 0
0 0 0.1 105 0.648 0 0 0 0 -5 4 2 0 0 0 0 0.5 2 4 0
0 0 0.1 84 0.776 0 0 0 0 0 5 0 0 0 0 0 0.5 3 4 0
0 0 0.1 96 1.105 0 0 0 0 5 4 2 0 0 0 0 0.5 2 4 0
0 0 0.1 99 1.168 0 0 0 0 0 5 0 0 0 0 0 0.5 3 4 0
0 0 0.1 87 0.627 0 0 0 0 5 4 2 0 0 0 0 0.5 2 4 0
0 0 0.1 75 1.056 0 0 0 0 0 5 0 0 0 0 0 0.5 3 4 0
0 0 0.1 102 0.779 0 0 0 0 -5 4 2 0 0 0 0 0.5 2 4 0
0 0 0.1 81 0.991 0 0 0 0 0 5 0 0 0 0 0 0.5 3 4 0
0 0 0.1 78 0.651 0 0 0 0 -5 4 2 0 0 0 0 0.5 2 4 0
0 0 0.1 90 1.186 0 0 0 0 0 5 0 0 0 0 0 0.5 3 4 0
0 0 0.1 102 0.609 0 0 0 0 5 4 2 0 0 0 0 0.5 2 4 0
0 0 0.1 96 0.924 0 0 0 0 0 5 0 0 0 0 0 0.5 3 4 0
0 0 0.1 81 1.18 0 0 0 0 -5 4 2 0 0 0 0 0.5 2 4 0
0 0 0.1 87 0.661 0 0 0 0 0 5 0 0 0 0 0 0.5 3 4 0
0 0 0.1 93 0.755 0 0 0 0 5 4 2 0 0 0 0 0.5 2 4 0
0 0 0.1 84 1.138 0 0 0 0 0 5 0 0 0 0 0 0.5 3 4 0
0 0 0.1 105 0.833 0 0 0 0 5 4 2 0 0 0 0 0.5 2 4 0
0 0 0.1 75 1.077 0 0 0 0 0 5 0 0 0 0 0 0.5 3 4 0
0 0 0.1 99 0.81 0 0 0 0 -5 4 2 0 0 0 0 0.5 2 4 0
0 0 0.1 75 0.684 0 0 0 0 0 5 0 0 0 0 0 0.5 3 4 0
0 0 0.1 87 0.991 0 0 0 0 -5 4 2 0 0 0 0 0.5 2 4 0
0 0 0.1 90 0.927 0 0 0 0 0 5 0 0 0 0 0 0.5 3 4 0
