0 0 0.1 87 1.256 0 0 0 0 0 4 2 0 2 -20 0 0.5 2 4 0
0 0 0.1 90 0.979 0 0 0 0 0 4 2 0 2 -20 0 0.5 2 4 0
0 0 0.1 102 1.191 0 0 0 0 0 4 2 0 2 -20 0 0.5 2 4 0
0 0 0.1 96 0.851 0 0 0 0 0 4 2 0 2 -20 0 0.5 2 4 0
0 0 0.1 75 1.386 0 0 0 0 0 4 2 0 2 -20 0 0.5 2 4 0
0 0 0.1 105 0.809 0 0 0 0 0 4 2 0 2 -20 0 0.5 2 4 0
0 0 0.1 93 1.124 0 0 0 0 0 4 2 0 2 -20 0 0.5 2 4 0
0 0 0.1 84 1.38 0 0 0 0 0 4 2 0 2 -20 0 0.5 2 4 0
0 0 0.1 99 0.861 0 0 0 0 -3.5 4 2 0 2 -20 0 0.5 2 4 0
0 0 0.1 81 0.955 0 0 0 0 0 5 0 1 2 -20 0 0.5 3 4 0
0 0 0.1 78 1.338 0 0 0 0 0 4 2 0 2 -20 0 0.5 2 4 0
0 0 0.1 105 1.033 0 0 0 0 0 4 2 0 2 -20 0 0.5 2 4 0
0 0 0.1 75 1.277 0 0 0 0 0 4 2 0 2 -20 0 0.5 2 4 0
0 0 0.1 81 1.01 0 0 0 0 0 4 2 0 2 -20 0 0.5 2 4 0
0 0 0.1 90 0.884 0 0 0 0 0 4 2 0 2 -20 0 0.5 2 4 0
0 0 0.1 78 1.191 0 0 0 0 0 4 2 0 2 -20 0 0.5 2 4 0
0 0 0.1 99 1.127 0 0 0 0 0 4 2 0 2 -20 0 0.5 2 4 0
0 0 0.1 102 1.368 0 0 0 0 0 4 2 0 2 -20 0 0.5 2 4 0
0 0 0.1 93 1.144 0 0 0 0 0 4 2 0 2 -20 0 0.5 2 4 0
0 0 0.1 87 1.373 0 0 0 0 3.5 4 2 0 2 -20 0 0.5 2 4 0
0 0 0.1 84 1.269 0 0 0 0 0 5 0 1 2 -20 0 0.5 3 4 0
0 0 0.1 96 0.871 0 0 0 0 0 4 2 0 2 -20 0 0.5 2 4 0
0 0 0.1 105 1.303 0 0 0 0 0 4 2 0 2 -20 0 0.5 2 4 0
0 0 0.1 90 0.853 0 0 0 0 0 4 2 0 2 -20 0 0.5 2 4 0
0 0 0.1 99 1.25 0 0 0 0 0 4 2 0 2 -20 0 0.5 2 4 0
0 0 0.1 102 0.84 0 0 0 0 0 4 2 0 2 -20 0 0.5 2 4 0
0 0 0.1 87 0.847 0 0 0 0 0 4 2 0 2 -20 0 0.5 2 4 0
0 0 0.1 96 0.864 0 0 0 0 0 4 2 0 2 -20 0 0.5 2 4 0
0 0 0.1 81 1.045 0 0 0 0 0 4 2 0 2 -20 0 0.5 2 4 0
0 0 0.1 75 1.385 0 0 0 0 0 4 2 0 2 -20 0 0.5 2 4 0
0 0 0.1 93 0.899 0 0 0 0 0 4 2 0 2 -20 0 0.5 2 4 0
0 0 0.1 78 1.102 0 0 0 0 -3.5 4 2 0 2 -20 0 0.5 2 4 0
0 0 0.1 84 0.921 0 0 0 0 0 5 0 1 2 -20 0 0.5 3 4 0
0 0 0.1 90 0.92 0 0 0 0 0 4 2 0 2 -20 0 0.5 2 4 0
0 0 0.1 78 0.907 0 0 0 0 0 4 2 0 2 -20 0 0.5 2 4 0
0 0 0.1 93 0.965 0 0 0 0 0 4 2 0 2 -20 0 0.5 2 4 0
0 0 0.1 102 0.879 0 0 0 0 0 4 2 0 2 -20 0 0.5 2 4 0
0 0 0.1 81 1.316 0 0 0 0 0 4 2 0 2 -20 0 0.5 2 4 0
0 0 0.1 84 1.188 0 0 0 0 0 4 2 0 2 -20 0 0.5 2 4 0
0 0 0.1 99 1.162 0 0 0 0 0 4 2 0 2 -20 0 0.5 2 4 0
0 0 0.1 75 1.384 0 0 0 0 0 4 2 0 2 -20 0 0.5 2 4 0
0 0 0.1 87 1.026 0 0 0 0 0 4 2 0 2 -20 0 0.5 2 4 0
0 0 0.1 96 1.292 0 0 0 0 -3.5 4 2 0 2 -20 0 0.5 2 4 0
0 0 0.1 105 0.937 0 0 0 0 0 5 0 1 2 -20 0 0.5 3 4 0
0 0 0.1 75 0.924 0 0 0 0 0 4 2 0 2 -20 0 0.5 2 4 0
0 0 0.1 78 0.917 0 0 0 0 0 4 2 0 2 -20 0 0.5 2 4 0
0 0 0.1 96 0.945 0 0 0 0 0 4 2 0 2 -20 0 0.5 2 4 0
0 0 0.1 84 1.388 0 0 0 0 0 4 2 0 2 -20 0 0.5 2 4 0
0 0 0.1 87 1.115 0 0 0 0 0 4 2 0 2 -20 0 0.5 2 4 0
0 0 0.1 90 1.296 0 0 0 0 0 4 2 0 2 -20 0 0.5 2 4 0
0 0 0.1 93 1.203 0 0 0 0 0 4 2 0 2 -20 0 0.5 2 4 0
0 0 0.1 99 1.387 0 0 0 0 0 4 2 0 2 -20 0 0.5 2 4 0
0 0 0.1 102 0.835 0 0 0 0 3.5 4 2 0 2 -20 0 0.5 2 4 0
0 0 0.1 105 1.003 0 0 0 0 0 5 0 1 2 -20 0 0.5 3 4 0
0 0 0.1 81 0.808 0 0 0 0 0 4 2 0 2 -20 0 0.5 2 4 0
0 0 0.1 93 1.018 0 0 0 0 0 4 2 0 2 -20 0 0.5 2 4 0
0 0 0.1 78 0.926 0 0 0 0 0 4 2 0 2 -20 0 0.5 2 4 0
0 0 0.1 90 0.892 0 0 0 0 0 4 2 0 2 -20 0 0.5 2 4 0
0 0 0.1 105 1.362 0 0 0 0 0 4 2 0 2 -20 0 0.5 2 4 0
0 0 0.1 84 1.041 0 0 0 0 0 4 2 0 2 -20 0 0.5 2 4 0
0 0 0.1 96 1.092 0 0 0 0 0 4 2 0 2 -20 0 0.5 2 4 0
0 0 0.1 99 1.209 0 0 0 0 0 4 2 0 2 -20 0 0.5 2 4 0
0 0 0.1 87 1.313 0 0 0 0 0 4 2 0 2 -20 0 0.5 2 4 0
0 0 0.1 75 1.348 0 0 0 0 0 4 2 0 2 -20 0 0.5 2 4 0
0 0 0.1 102 1.086 0 0 0 0 3.5 4 2 0 2 -20 0 0.5 2 4 0
0 0 0.1 81 1.229 0 0 0 0 0 5 0 1 2 -20 0 0.5 3 4 0
0 0 0.1 78 1.298 0 0 0 0 0 4 2 0 2 -20 0 0.5 2 4 0
0 0 0.1 90 1.206 0 0 0 0 0 4 2 0 2 -20 0 0.5 2 4 0
0 0 0.1 102 1.004 0 0 0 0 0 4 2 0 2 -20 0 0.5 2 4 0
0 0 0.1 96 1.335 0 0 0 0 0 4 2 0 2 -20 0 0.5 2 4 0
0 0 0.1 81 1.118 0 0 0 0 0 4 2 0 2 -20 0 0.5 2 4 0
0 0 0.1 87 1.325 0 0 0 0 0 4 2 0 2 -20 0 0.5 2 4 0
0 0 0.1 93 0.956 0 0 0 0 0 4 2 0 2 -20 0 0.5 2 4 0
0 0 0.1 84 1.126 0 0 0 0 0 4 2 0 2 -20 0 0.5 2 4 0
0 0 0.1 105 0.93 0 0 0 0 0 4 2 0 2 -20 0 0.5 2 4 0
0 0 0.1 75 0.931 0 0 0 0 -3.5 4 2 0 2 -20 0 0.5 2 4 0
0 0 0.1 99 1.085 0 0 0 0 0 5 0 1 2 -20 0 0.5 3 4 0
0 0 0.1 75 1.336 0 0 0 0 0 4 2 0 2 -20 0 0.5 2 4 0
0 0 0.1 87 0.982 0 0 0 0 0 4 2 0 2 -20 0 0.5 2 4 0
0 0 0.1 90 1.134 0 0 0 0 0 4 2 0 2 -20 0 0.5 2 4 0
0 0 0.1 105 1.254 0 0 0 0 0 4 2 0 2 -20 0 0.5 2 4 0
0 0 0.1 78 1.374 0 0 0 0 0 4 2 0 2 -20 0 0.5 2 4 0
0 0 0.1 96 1.373 0 0 0 0 0 4 2 0 2 -20 0 0.5 2 4 0
0 0 0.1 102 1.001 0 0 0 0 0 4 2 0 2 -20 0 0.5 2 4 0
0 0 0.1 84 1.111 0 0 0 0 0 4 2 0 2 -20 0 0.5 2 4 0
0 0 0.1 81 0.889 0 0 0 0 3.5 4 2 0 2 -20 0 0.5 2 4 0
0 0 0.1 93 1.015 0 0 0 0 0 5 0 1 2 -20 0 0.5 3 4 0
0 0 0.1 99 1.223 0 0 0 0 0 4 2 0 2 -20 0 0.5 2 4 0
0 0 0.1 75 0.849 0 0 0 0 0 4 2 0 2 -20 0 0.5 2 4 0
0 0 0.1 87 0.951 0 0 0 0 0 4 2 0 2 -20 0 0.5 2 4 0
0 0 0.1 99 0.831 0 0 0 0 0 4 2 0 2 -20 0 0.5 2 4 0
0 0 0.1 93 1.244 0 0 0 0 0 4 2 0 2 -20 0 0.5 2 4 0
0 0 0.1 78 0.809 0 0 0 0 0 4 2 0 2 -20 0 0.5 2 4 0
0 0 0.1 90 0.826 0 0 0 0 0 4 2 0 2 -20 0 0.5 2 4 0
0 0 0.1 102 0.97 0 0 0 0 0 4 2 0 2 -20 0 0.5 2 4 0
0 0 0.1 81 0.825 0 0 0 0 0 4 2 0 2 -20 0 0.5 2 4 0
0 0 0.1 105 1.18 0 0 0 0 0 4 2 0 2 -20 0 0.5 2 4 0
0 0 0.1 96 1.253 0 0 0 0 -3.5 4 2 0 2 -20 0 0.5 2 4 0
0 0 0.1 84 0.831 0 0 0 0 0 5 0 1 2 -20 0 0.5 3 4 0
0 0 0.1 78 1.178 0 0 0 0 0 4 2 0 2 -20 0 0.5 2 4 0
0 0 0.1 99 1.015 0 0 0 0 0 4 2 0 2 -20 0 0.5 2 4 0
0 0 0.1 93 1.285 0 0 0 0 0 4 2 0 2 -20 0 0.5 2 4 0
0 0 0.1 84 1.203 0 0 0 0 0 4 2 0 2 -20 0 0.5 2 4 0
0 0 0.1 96 0.814 0 0 0 0 0 4 2 0 2 -20 0 0.5 2 4 0
0 0 0.1 75 1.214 0 0 0 0 0 4 2 0 2 -20 0 0.5 2 4 0
0 0 0.1 102 1.333 0 0 0 0 0 4 2 0 2 -20 0 0.5 2 4 0
0 0 0.1 105 1.123 0 0 0 0 0 4 2 0 2 -20 0 0.5 2 4 0
0 0 0.1 90 1.332 0 0 0 0 0 4 2 0 2 -20 0 0.5 2 4 0
0 0 0.1 81 1.349 0 0 0 0 0 4 2 0 2 -20 0 0.5 2 4 0
0 0 0.1 87 1.31 0 0 0 0 3.5 4 2 0 2 -20 0 0.5 2 4 0
0 0 0.1 93 0.977 0 0 0 0 0 5 0 1 2 -20 0 0.5 3 4 0
0 0 0.1 105 1.271 0 0 0 0 0 4 2 0 2 -20 0 0.5 2 4 0
0 0 0.1 81 1.097 0 0 0 0 0 4 2 0 2 -20 0 0.5 2 4 0
0 0 0.1 87 1.39 0 0 0 0 0 4 2 0 2 -20 0 0.5 2 4 0
0 0 0.1 84 0.946 0 0 0 0 0 4 2 0 2 -20 0 0.5 2 4 0
0 0 0.1 96 0.844 0 0 0 0 0 4 2 0 2 -20 0 0.5 2 4 0
0 0 0.1 90 0.939 0 0 0 0 0 4 2 0 2 -20 0 0.5 2 4 0
0 0 0.1 75 0.968 0 0 0 0 0 4 2 0 2 -20 0 0.5 2 4 0
0 0 0.1 102 1.383 0 0 0 0 0 4 2 0 2 -20 0 0.5 2 4 0
0 0 0.1 78 1.196 0 0 0 0 -3.5 4 2 0 2 -20 0 0.5 2 4 0
0 0 0.1 99 1.203 0 0 0 0 0 5 0 1 2 -20 0 0.5 3 4 0
0 0 0.1 105 0.926 0 0 0 0 0 4 2 0 2 -20 0 0.5 2 4 0
0 0 0.1 75 1.395 0 0 0 0 0 4 2 0 2 -20 0 0.5 2 4 0
0 0 0.1 93 1.121 0 0 0 0 0 4 2 0 2 -20 0 0.5 2 4 0
0 0 0.1 99 1.145 0 0 0 0 0 4 2 0 2 -20 0 0.5 2 4 0
0 0 0.1 90 1.264 0 0 0 0 0 4 2 0 2 -20 0 0.5 2 4 0
0 0 0.1 102 1.015 0 0 0 0 0 4 2 0 2 -20 0 0.5 2 4 0
0 0 0.1 81 0.954 0 0 0 0 0 4 2 0 2 -20 0 0.5 2 4 0
0 0 0.1 96 0.99 0 0 0 0 0 4 2 0 2 -20 0 0.5 2 4 0
0 0 0.1 87 1.247 0 0 0 0 0 4 2 0 2 -20 0 0.5 2 4 0
0 0 0.1 78 1.1 0 0 0 0 3.5 4 2 0 2 -20 0 0.5 2 4 0
0 0 0.1 84 1.226 0 0 0 0 0 5 0 1 2 -20 0 0.5 3 4 0
