0 0 0.1 105 1.072 0 0 0 0 0 7 2 0 0 0 0 1 2 6 0
0 0 0.1 99 0.971 0 0 0 0 0 7 2 0 0 0 0 1 2 6 0
0 0 0.1 102 1.105 0 0 0 0 0 7 2 0 0 0 0 1 2 6 0
0 0 0.1 102 0.994 0 0 0 0 0 7 2 0 0 0 0 1 2 6 0
0 0 0.1 102 0.964 0 0 0 0 0 7 2 0 0 0 0 1 2 6 0
0 0 0.1 78 0.84 0 0 0 0 0 7 2 0 0 0 0 1 2 6 0
0 0 0.1 81 1.191 0 0 0 0 0 7 2 0 0 0 0 1 2 6 0
0 0 0.1 90 1.117 0 0 0 0 0 7 2 0 0 0 0 1 2 6 0
0 0 0.1 99 1.023 0 0 0 0 0 7 2 0 0 0 0 1 2 6 0
0 0 0.1 84 1.108 0 0 0 0 0 7 2 0 0 0 0 1 2 6 0
0 0 0.1 81 1.133 0 0 0 0 0 7 2 0 0 0 0 1 2 6 0
0 0 0.1 81 0.862 0 0 0 0 0 7 2 0 0 0 0 1 2 6 0
0 0 0.1 99 0.867 0 0 0 0 0 7 2 0 0 0 0 1 2 6 0
0 0 0.1 84 1.013 0 0 0 0 0 7 2 0 0 0 0 1 2 6 0
0 0 0.1 90 0.853 0 0 0 0 0 7 2 0 0 0 0 1 2 6 0
0 0 0.1 93 0.979 0 0 0 0 7 6 2 0 0 0 0 1 2 6 0
0 0 0.1 96 0.912 0 0 0 0 7 6 2 0 0 0 0 1 2 6 0
0 0 0.1 90 0.826 0 0 0 0 7 6 2 0 0 0 0 1 2 6 0
0 0 0.1 96 0.881 0 0 0 0 7 6 2 0 0 0 0 1 2 6 0
0 0 0.1 93 0.852 0 0 0 0 7 6 2 0 0 0 0 1 2 6 0
0 0 0.1 96 1.109 0 0 0 0 7 6 2 0 0 0 0 1 2 6 0
0 0 0.1 96 0.905 0 0 0 0 7 6 2 0 0 0 0 1 2 6 0
0 0 0.1 90 1.033 0 0 0 0 7 6 2 0 0 0 0 1 2 6 0
0 0 0.1 87 0.829 0 0 0 0 7 6 2 0 0 0 0 1 2 6 0
0 0 0.1 84 0.93 0 0 0 0 7 6 2 0 0 0 0 1 2 6 0
0 0 0.1 87 0.991 0 0 0 0 0 7 2 0 0 0 0 1 2 6 0
0 0 0.1 87 0.957 0 0 0 0 0 7 2 0 0 0 0 1 2 6 0
0 0 0.1 84 1.049 0 0 0 0 0 7 2 0 0 0 0 1 2 6 0
0 0 0.1 93 0.936 0 0 0 0 0 7 2 0 0 0 0 1 2 6 0
0 0 0.1 78 0.815 0 0 0 0 0 7 2 0 0 0 0 1 2 6 0
0 0 0.1 99 1.063 0 0 0 0 0 7 2 0 0 0 0 1 2 6 0
0 0 0.1 87 1.069 0 0 0 0 0 7 2 0 0 0 0 1 2 6 0
0 0 0.1 84 0.887 0 0 0 0 0 7 2 0 0 0 0 1 2 6 0
0 0 0.1 93 0.891 0 0 0 0 0 7 2 0 0 0 0 1 2 6 0
0 0 0.1 90 0.958 0 0 0 0 0 7 2 0 0 0 0 1 2 6 0
0 0 0.1 78 0.995 0 0 0 0 0 7 2 0 0 0 0 1 2 6 0
0 0 0.1 93 1.179 0 0 0 0 0 7 2 0 0 0 0 1 2 6 0
0 0 0.1 81 0.964 0 0 0 0 0 7 2 0 0 0 0 1 2 6 0
0 0 0.1 84 1.018 0 0 0 0 0 7 2 0 0 0 0 1 2 6 0
0 0 0.1 75 0.803 0 0 0 0 0 7 2 0 0 0 0 1 2 6 0
