0 0 0.1 81 0.827 0 0 0 0 0 7 2 0 31 -20 0 0.7 2 4 0
0 0 0.1 93 0.832 0 0 0 0 0 7 2 0 31 -20 0 0.7 2 4 0
0 0 0.1 78 0.843 0 0 0 0 0 7 2 0 31 -20 0 0.7 2 4 0
0 0 0.1 90 0.963 0 0 0 0 0 7 2 0 31 -20 0 0.7 2 4 0
0 0 0.1 105 1.19 0 0 0 0 0 7 2 0 31 -20 0 0.7 2 4 0
0 0 0.1 84 0.866 0 0 0 0 0 7 2 0 31 -20 0 0.7 5 4 0
0 0 0.1 96 1.002 0 0 0 0 0 7 2 0 31 -20 0 0.7 5 4 0
0 0 0.1 99 0.881 0 0 0 0 0 7 2 0 31 -20 0 0.7 5 4 0
0 0 0.1 87 0.88 0 0 0 0 0 7 2 0 31 -20 0 0.7 5 4 0
0 0 0.1 75 0.872 0 0 0 0 0 7 2 0 31 -20 0 0.7 5 4 0
0 0 0.1 102 0.91 0 0 0 0 0 6 3 0 31 -20 0 0.7 2 4 0
0 0 0.1 81 0.853 0 0 0 0 0 6 3 0 31 -20 0 0.7 2 4 0
0 0 0.1 78 1.144 0 0 0 0 0 6 3 0 31 -20 0 0.7 2 4 0
0 0 0.1 90 1.059 0 0 0 0 0 6 3 0 31 -20 0 0.7 2 4 0
0 0 0.1 102 1.042 0 0 0 0 0 6 3 0 31 -20 0 0.7 2 4 0
0 0 0.1 96 1.189 0 0 0 0 0 6 3 2 31 -20 0 0.7 3 4 0
0 0 0.1 81 0.951 0 0 0 0 0 6 3 2 31 -20 0 0.7 3 4 0
0 0 0.1 87 1.128 0 0 0 0 0 6 3 2 31 -20 0 0.7 3 4 0
0 0 0.1 93 0.891 0 0 0 0 0 7 2 0 31 -20 0 0.7 2 4 0
0 0 0.1 84 0.883 0 0 0 0 0 7 2 0 31 -20 0 0.7 2 4 0
0 0 0.1 105 0.878 0 0 0 0 0 7 2 0 31 -20 0 0.7 2 4 0
0 0 0.1 75 0.897 0 0 0 0 0 7 2 0 31 -20 0 0.7 2 4 0
0 0 0.1 99 1.192 0 0 0 0 0 7 2 0 31 -20 0 0.7 2 4 0
0 0 0.1 75 1.01 0 0 0 0 0 7 2 0 31 -20 0 0.7 5 4 0
0 0 0.1 87 1.131 0 0 0 0 0 7 2 0 31 -20 0 0.7 5 4 0
0 0 0.1 90 1.069 0 0 0 0 0 7 2 0 31 -20 0 0.7 5 4 0
0 0 0.1 105 1.192 0 0 0 0 0 7 2 0 31 -20 0 0.7 5 4 0
0 0 0.1 78 0.824 0 0 0 0 0 7 2 0 31 -20 0 0.7 5 4 0
0 0 0.1 96 0.935 0 0 0 0 0 6 3 0 31 -20 0 0.7 2 4 0
0 0 0.1 102 0.806 0 0 0 0 0 6 3 0 31 -20 0 0.7 2 4 0
0 0 0.1 84 0.946 0 0 0 0 0 6 3 0 31 -20 0 0.7 2 4 0
0 0 0.1 81 0.884 0 0 0 0 0 6 3 0 31 -20 0 0.7 2 4 0
0 0 0.1 93 0.861 0 0 0 0 0 6 3 0 31 -20 0 0.7 2 4 0
0 0 0.1 99 1.175 0 0 0 0 0 6 3 2 31 -20 0 0.7 3 4 0
0 0 0.1 75 0.961 0 0 0 0 0 6 3 2 31 -20 0 0.7 3 4 0
0 0 0.1 87 0.995 0 0 0 0 0 6 3 2 31 -20 0 0.7 3 4 0
0 0 0.1 99 1.073 0 0 0 0 0 7 2 0 31 -20 0 0.7 2 4 0
0 0 0.1 93 1.142 0 0 0 0 0 7 2 0 31 -20 0 0.7 2 4 0
0 0 0.1 78 1.166 0 0 0 0 0 7 2 0 31 -20 0 0.7 2 4 0
0 0 0.1 90 0.991 0 0 0 0 0 7 2 0 31 -20 0 0.7 2 4 0
0 0 0.1 102 1.086 0 0 0 0 0 7 2 0 31 -20 0 0.7 2 4 0
0 0 0.1 81 1.132 0 0 0 0 0 7 2 0 31 -20 0 0.7 5 4 0
0 0 0.1 105 1.071 0 0 0 0 0 7 2 0 31 -20 0 0.7 5 4 0
0 0 0.1 96 0.936 0 0 0 0 0 7 2 0 31 -20 0 0.7 5 4 0
0 0 0.1 84 1.157 0 0 0 0 0 7 2 0 31 -20 0 0.7 5 4 0
0 0 0.1 78 1.012 0 0 0 0 0 7 2 0 31 -20 0 0.7 5 4 0
0 0 0.1 99 1.15 0 0 0 0 0 6 3 0 31 -20 0 0.7 2 4 0
0 0 0.1 93 0.904 0 0 0 0 0 6 3 0 31 -20 0 0.7 2 4 0
0 0 0.1 84 1.017 0 0 0 0 0 6 3 0 31 -20 0 0.7 2 4 0
0 0 0.1 96 0.887 0 0 0 0 0 6 3 0 31 -20 0 0.7 2 4 0
0 0 0.1 75 0.887 0 0 0 0 0 6 3 0 31 -20 0 0.7 2 4 0
0 0 0.1 102 0.99 0 0 0 0 0 6 3 2 31 -20 0 0.7 3 4 0
0 0 0.1 105 1.158 0 0 0 0 0 6 3 2 31 -20 0 0.7 3 4 0
0 0 0.1 90 0.921 0 0 0 0 0 6 3 2 31 -20 0 0.7 3 4 0
