0 0 0.1 78 0.896 0 0 0 0 0 7 2 0 99 0 0 0.5 2 4 0 1 1
0 0 0.1 90 1.039 0 0 0 0 0 7 2 0 99 0 0 0.5 2 4 0 0 1
0 0 0.1 78 0.923 0 0 0 0 0 7 2 0 99 0 0 0.5 2 4 0 1 1
0 0 0.1 96 1.067 0 0 0 0 0 7 2 0 99 0 0 0.5 2 4 0 0 1
0 0 0.1 102 0.951 0 0 0 0 0 7 2 0 99 0 0 0.5 2 4 0 1 1
0 0 0.1 78 0.994 0 0 0 0 0 7 2 0 99 0 0 0.5 2 4 0 0 1
0 0 0.1 102 0.938 0 0 0 0 0 7 2 0 99 0 0 0.5 2 4 0 1 1
0 0 0.1 96 1.018 0 0 0 0 0 7 2 0 99 0 0 0.5 2 4 0 0 1
0 0 0.1 90 0.857 0 0 0 0 0 7 2 0 99 0 0 0.5 2 4 0 1 1
0 0 0.1 90 0.951 0 0 0 0 0 7 2 0 99 0 0 0.5 2 4 0 0 1
0 0 0.1 90 0.9 0 0 0 0 5 6 3 0 99 0 0 0.5 9 4 0 1 1
0 0 0.1 96 1.065 0 0 0 0 0 6 0 0 99 0 0 0.5 3 4 0 0 1
0 0 0.1 96 1.093 0 0 0 0 5 6 3 0 99 0 0 0.5 9 4 0 1 1
0 0 0.1 84 0.931 0 0 0 0 0 6 0 0 99 0 0 0.5 3 4 0 0 1
0 0 0.1 84 1.034 0 0 0 0 5 6 3 0 99 0 0 0.5 9 4 0 1 1
0 0 0.1 96 0.936 0 0 0 0 0 6 0 0 99 0 0 0.5 3 4 0 0 1
0 0 0.1 96 1.095 0 0 0 0 5 6 3 0 99 0 0 0.5 9 4 0 1 1
0 0 0.1 102 0.95 0 0 0 0 0 6 0 0 99 0 0 0.5 3 4 0 0 1
0 0 0.1 102 0.945 0 0 0 0 5 6 3 0 99 0 0 0.5 9 4 0 1 1
0 0 0.1 84 0.991 0 0 0 0 0 6 0 0 99 0 0 0.5 3 4 0 0 1
0 0 0.1 102 0.966 0 0 0 0 0 7 2 0 99 0 0 0.5 2 4 0 1 2
0 0 0.1 84 0.9 0 0 0 0 0 7 2 0 99 0 0 0.5 2 4 0 0 2
0 0 0.1 102 0.957 0 0 0 0 0 7 2 0 99 0 0 0.5 2 4 0 1 2
0 0 0.1 96 0.874 0 0 0 0 0 7 2 0 99 0 0 0.5 2 4 0 0 2
0 0 0.1 78 0.879 0 0 0 0 0 7 2 0 99 0 0 0.5 2 4 0 1 2
0 0 0.1 90 0.961 0 0 0 0 0 7 2 0 99 0 0 0.5 2 4 0 0 2
0 0 0.1 78 0.901 0 0 0 0 0 7 2 0 99 0 0 0.5 2 4 0 1 2
0 0 0.1 78 0.957 0 0 0 0 0 7 2 0 99 0 0 0.5 2 4 0 0 2
0 0 0.1 96 1.096 0 0 0 0 0 7 2 0 99 0 0 0.5 2 4 0 1 2
0 0 0.1 102 1.058 0 0 0 0 0 7 2 0 99 0 0 0.5 2 4 0 0 2
0 0 0.1 96 0.922 0 0 0 0 5 6 3 0 99 0 0 0.5 9 4 0 1 2
0 0 0.1 84 0.999 0 0 0 0 0 6 0 0 99 0 0 0.5 3 4 0 0 2
0 0 0.1 84 1.075 0 0 0 0 5 6 3 0 99 0 0 0.5 9 4 0 1 2
0 0 0.1 90 0.964 0 0 0 0 0 6 0 0 99 0 0 0.5 3 4 0 0 2
0 0 0.1 90 0.887 0 0 0 0 5 6 3 0 99 0 0 0.5 9 4 0 1 2
0 0 0.1 102 0.883 0 0 0 0 0 6 0 0 99 0 0 0.5 3 4 0 0 2
0 0 0.1 102 0.857 0 0 0 0 5 6 3 0 99 0 0 0.5 9 4 0 1 2
0 0 0.1 96 1.035 0 0 0 0 0 6 0 0 99 0 0 0.5 3 4 0 0 2
0 0 0.1 96 0.944 0 0 0 0 5 6 3 0 99 0 0 0.5 9 4 0 1 2
0 0 0.1 90 0.994 0 0 0 0 0 6 0 0 99 0 0 0.5 3 4 0 0 2
0 0 0.1 78 1.057 0 0 0 0 0 7 2 0 99 0 0 0.5 2 4 0 1 3
0 0 0.1 90 1.054 0 0 0 0 0 7 2 0 99 0 0 0.5 2 4 0 0 3
0 0 0.1 78 1.069 0 0 0 0 0 7 2 0 99 0 0 0.5 2 4 0 1 3
0 0 0.1 78 0.878 0 0 0 0 0 7 2 0 99 0 0 0.5 2 4 0 0 3
0 0 0.1 90 1.089 0 0 0 0 0 7 2 0 99 0 0 0.5 2 4 0 1 3
0 0 0.1 78 0.993 0 0 0 0 0 7 2 0 99 0 0 0.5 2 4 0 0 3
0 0 0.1 90 0.86 0 0 0 0 0 7 2 0 99 0 0 0.5 2 4 0 1 3
0 0 0.1 90 0.912 0 0 0 0 0 7 2 0 99 0 0 0.5 2 4 0 0 3
0 0 0.1 102 1.095 0 0 0 0 0 7 2 0 99 0 0 0.5 2 4 0 1 3
0 0 0.1 84 1.072 0 0 0 0 0 7 2 0 99 0 0 0.5 2 4 0 0 3
0 0 0.1 102 0.911 0 0 0 0 5 6 3 0 99 0 0 0.5 9 4 0 1 3
0 0 0.1 96 1.04 0 0 0 0 0 6 0 0 99 0 0 0.5 3 4 0 0 3
0 0 0.1 96 0.991 0 0 0 0 5 6 3 0 99 0 0 0.5 9 4 0 1 3
0 0 0.1 84 0.927 0 0 0 0 0 6 0 0 99 0 0 0.5 3 4 0 0 3
0 0 0.1 84 1.024 0 0 0 0 5 6 3 0 99 0 0 0.5 9 4 0 1 3
0 0 0.1 84 0.934 0 0 0 0 0 6 0 0 99 0 0 0.5 3 4 0 0 3
0 0 0.1 84 0.902 0 0 0 0 5 6 3 0 99 0 0 0.5 9 4 0 1 3
0 0 0.1 102 1.08 0 0 0 0 0 6 0 0 99 0 0 0.5 3 4 0 0 3
0 0 0.1 102 0.856 0 0 0 0 5 6 3 0 99 0 0 0.5 9 4 0 1 3
0 0 0.1 78 1.091 0 0 0 0 0 6 0 0 99 0 0 0.5 3 4 0 0 3
0 0 0.1 90 0.896 0 0 0 0 0 7 2 0 99 0 0 0.5 2 4 1 1 2
0 0 0.1 90 1.039 0 0 0 0 0 7 2 0 99 0 0 0.5 2 4 0 0 2
0 0 0.1 84 0.923 0 0 0 0 0 7 2 0 99 0 0 0.5 2 4 0 1 2
0 0 0.1 96 1.067 0 0 0 0 0 7 2 0 99 0 0 0.5 2 4 0 0 2
0 0 0.1 84 0.951 0 0 0 0 0 7 2 0 99 0 0 0.5 2 4 0 1 2
0 0 0.1 78 0.994 0 0 0 0 0 7 2 0 99 0 0 0.5 2 4 0 0 2
0 0 0.1 78 0.938 0 0 0 0 0 7 2 0 99 0 0 0.5 2 4 0 1 2
0 0 0.1 96 1.018 0 0 0 0 0 7 2 0 99 0 0 0.5 2 4 0 0 2
0 0 0.1 78 0.857 0 0 0 0 0 7 2 0 99 0 0 0.5 2 4 0 1 2
0 0 0.1 90 0.951 0 0 0 0 0 7 2 0 99 0 0 0.5 2 4 0 0 2
0 0 0.1 102 0.9 0 0 0 0 -5 6 3 0 99 0 0 0.5 9 4 0 1 2
0 0 0.1 102 1.065 0 0 0 0 0 6 0 0 99 0 0 0.5 3 4 0 0 2
0 0 0.1 78 1.093 0 0 0 0 -5 6 3 0 99 0 0 0.5 9 4 0 1 2
0 0 0.1 78 0.931 0 0 0 0 0 6 0 0 99 0 0 0.5 3 4 0 0 2
0 0 0.1 96 1.034 0 0 0 0 -5 6 3 0 99 0 0 0.5 9 4 0 1 2
0 0 0.1 96 0.936 0 0 0 0 0 6 0 0 99 0 0 0.5 3 4 0 0 2
0 0 0.1 84 1.095 0 0 0 0 -5 6 3 0 99 0 0 0.5 9 4 0 1 2
0 0 0.1 84 0.95 0 0 0 0 0 6 0 0 99 0 0 0.5 3 4 0 0 2
0 0 0.1 90 0.945 0 0 0 0 -5 6 3 0 99 0 0 0.5 9 4 0 1 2
0 0 0.1 90 0.991 0 0 0 0 0 6 0 0 99 0 0 0.5 3 4 0 0 2
0 0 0.1 84 0.966 0 0 0 0 0 7 2 0 99 0 0 0.5 2 4 0 1 1
0 0 0.1 84 0.9 0 0 0 0 0 7 2 0 99 0 0 0.5 2 4 0 0 1
0 0 0.1 90 0.957 0 0 0 0 0 7 2 0 99 0 0 0.5 2 4 0 1 1
0 0 0.1 96 0.874 0 0 0 0 0 7 2 0 99 0 0 0.5 2 4 0 0 1
0 0 0.1 90 0.879 0 0 0 0 0 7 2 0 99 0 0 0.5 2 4 0 1 1
0 0 0.1 90 0.961 0 0 0 0 0 7 2 0 99 0 0 0.5 2 4 0 0 1
0 0 0.1 78 0.901 0 0 0 0 0 7 2 0 99 0 0 0.5 2 4 0 1 1
0 0 0.1 78 0.957 0 0 0 0 0 7 2 0 99 0 0 0.5 2 4 0 0 1
0 0 0.1 78 1.096 0 0 0 0 0 7 2 0 99 0 0 0.5 2 4 0 1 1
0 0 0.1 102 1.058 0 0 0 0 0 7 2 0 99 0 0 0.5 2 4 0 0 1
0 0 0.1 78 0.922 0 0 0 0 -5 6 3 0 99 0 0 0.5 9 4 0 1 1
0 0 0.1 78 0.999 0 0 0 0 0 6 0 0 99 0 0 0.5 3 4 0 0 1
0 0 0.1 102 1.075 0 0 0 0 -5 6 3 0 99 0 0 0.5 9 4 0 1 1
0 0 0.1 102 0.964 0 0 0 0 0 6 0 0 99 0 0 0.5 3 4 0 0 1
0 0 0.1 90 0.887 0 0 0 0 -5 6 3 0 99 0 0 0.5 9 4 0 1 1
0 0 0.1 90 0.883 0 0 0 0 0 6 0 0 99 0 0 0.5 3 4 0 0 1
0 0 0.1 96 0.857 0 0 0 0 -5 6 3 0 99 0 0 0.5 9 4 0 1 1
0 0 0.1 96 1.035 0 0 0 0 0 6 0 0 99 0 0 0.5 3 4 0 0 1
0 0 0.1 84 0.944 0 0 0 0 -5 6 3 0 99 0 0 0.5 9 4 0 1 1
0 0 0.1 84 0.994 0 0 0 0 0 6 0 0 99 0 0 0.5 3 4 0 0 1
0 0 0.1 78 1.057 0 0 0 0 0 7 2 0 99 0 0 0.5 2 4 0 1 3
0 0 0.1 90 1.054 0 0 0 0 0 7 2 0 99 0 0 0.5 2 4 0 0 3
0 0 0.1 96 1.069 0 0 0 0 0 7 2 0 99 0 0 0.5 2 4 0 1 3
0 0 0.1 78 0.878 0 0 0 0 0 7 2 0 99 0 0 0.5 2 4 0 0 3
0 0 0.1 96 1.089 0 0 0 0 0 7 2 0 99 0 0 0.5 2 4 0 1 3
0 0 0.1 78 0.993 0 0 0 0 0 7 2 0 99 0 0 0.5 2 4 0 0 3
0 0 0.1 90 0.86 0 0 0 0 0 7 2 0 99 0 0 0.5 2 4 0 1 3
0 0 0.1 90 0.912 0 0 0 0 0 7 2 0 99 0 0 0.5 2 4 0 0 3
0 0 0.1 90 1.095 0 0 0 0 0 7 2 0 99 0 0 0.5 2 4 0 1 3
0 0 0.1 84 1.072 0 0 0 0 0 7 2 0 99 0 0 0.5 2 4 0 0 3
0 0 0.1 78 0.911 0 0 0 0 -5 6 3 0 99 0 0 0.5 9 4 0 1 3
0 0 0.1 78 1.04 0 0 0 0 0 6 0 0 99 0 0 0.5 3 4 0 0 3
0 0 0.1 90 0.991 0 0 0 0 -5 6 3 0 99 0 0 0.5 9 4 0 1 3
0 0 0.1 90 0.927 0 0 0 0 0 6 0 0 99 0 0 0.5 3 4 0 0 3
0 0 0.1 102 1.024 0 0 0 0 -5 6 3 0 99 0 0 0.5 9 4 0 1 3
0 0 0.1 102 0.934 0 0 0 0 0 6 0 0 99 0 0 0.5 3 4 0 0 3
0 0 0.1 96 0.902 0 0 0 0 -5 6 3 0 99 0 0 0.5 9 4 0 1 3
0 0 0.1 96 1.08 0 0 0 0 0 6 0 0 99 0 0 0.5 3 4 0 0 3
0 0 0.1 84 0.856 0 0 0 0 -5 6 3 0 99 0 0 0.5 9 4 0 1 3
0 0 0.1 84 1.091 0 0 0 0 0 6 0 0 99 0 0 0.5 3 4 0 0 3
0 0 0.1 84 0.896 0 0 0 0 0 7 2 0 99 0 0 0.5 2 4 1 1 3
0 0 0.1 90 1.039 0 0 0 0 0 7 2 0 99 0 0 0.5 2 4 0 0 3
0 0 0.1 84 0.923 0 0 0 0 0 7 2 0 99 0 0 0.5 2 4 0 1 3
0 0 0.1 96 1.067 0 0 0 0 0 7 2 0 99 0 0 0.5 2 4 0 0 3
0 0 0.1 102 0.951 0 0 0 0 0 7 2 0 99 0 0 0.5 2 4 0 1 3
0 0 0.1 78 0.994 0 0 0 0 0 7 2 0 99 0 0 0.5 2 4 0 0 3
0 0 0.1 102 0.938 0 0 0 0 0 7 2 0 99 0 0 0.5 2 4 0 1 3
0 0 0.1 96 1.018 0 0 0 0 0 7 2 0 99 0 0 0.5 2 4 0 0 3
0 0 0.1 78 0.857 0 0 0 0 0 7 2 0 99 0 0 0.5 2 4 0 1 3
0 0 0.1 90 0.951 0 0 0 0 0 7 2 0 99 0 0 0.5 2 4 0 0 3
0 0 0.1 78 0.9 0 0 0 0 5 6 3 0 99 0 0 0.5 9 4 0 1 3
0 0 0.1 96 1.065 0 0 0 0 0 6 0 0 99 0 0 0.5 3 4 0 0 3
0 0 0.1 96 1.093 0 0 0 0 5 6 3 0 99 0 0 0.5 9 4 0 1 3
0 0 0.1 90 0.931 0 0 0 0 0 6 0 0 99 0 0 0.5 3 4 0 0 3
0 0 0.1 90 1.034 0 0 0 0 5 6 3 0 99 0 0 0.5 9 4 0 1 3
0 0 0.1 78 0.936 0 0 0 0 0 6 0 0 99 0 0 0.5 3 4 0 0 3
0 0 0.1 78 1.095 0 0 0 0 5 6 3 0 99 0 0 0.5 9 4 0 1 3
0 0 0.1 90 0.95 0 0 0 0 0 6 0 0 99 0 0 0.5 3 4 0 0 3
0 0 0.1 90 0.945 0 0 0 0 5 6 3 0 99 0 0 0.5 9 4 0 1 3
0 0 0.1 102 0.991 0 0 0 0 0 6 0 0 99 0 0 0.5 3 4 0 0 3
0 0 0.1 96 0.966 0 0 0 0 0 7 2 0 99 0 0 0.5 2 4 0 1 1
0 0 0.1 84 0.9 0 0 0 0 0 7 2 0 99 0 0 0.5 2 4 0 0 1
0 0 0.1 96 0.957 0 0 0 0 0 7 2 0 99 0 0 0.5 2 4 0 1 1
0 0 0.1 96 0.874 0 0 0 0 0 7 2 0 99 0 0 0.5 2 4 0 0 1
0 0 0.1 102 0.879 0 0 0 0 0 7 2 0 99 0 0 0.5 2 4 0 1 1
0 0 0.1 90 0.961 0 0 0 0 0 7 2 0 99 0 0 0.5 2 4 0 0 1
0 0 0.1 102 0.901 0 0 0 0 0 7 2 0 99 0 0 0.5 2 4 0 1 1
0 0 0.1 78 0.957 0 0 0 0 0 7 2 0 99 0 0 0.5 2 4 0 0 1
0 0 0.1 84 1.096 0 0 0 0 0 7 2 0 99 0 0 0.5 2 4 0 1 1
0 0 0.1 102 1.058 0 0 0 0 0 7 2 0 99 0 0 0.5 2 4 0 0 1
0 0 0.1 84 0.922 0 0 0 0 5 6 3 0 99 0 0 0.5 9 4 0 1 1
0 0 0.1 90 0.999 0 0 0 0 0 6 0 0 99 0 0 0.5 3 4 0 0 1
0 0 0.1 90 1.075 0 0 0 0 5 6 3 0 99 0 0 0.5 9 4 0 1 1
0 0 0.1 78 0.964 0 0 0 0 0 6 0 0 99 0 0 0.5 3 4 0 0 1
0 0 0.1 78 0.887 0 0 0 0 5 6 3 0 99 0 0 0.5 9 4 0 1 1
0 0 0.1 78 0.883 0 0 0 0 0 6 0 0 99 0 0 0.5 3 4 0 0 1
0 0 0.1 78 0.857 0 0 0 0 5 6 3 0 99 0 0 0.5 9 4 0 1 1
0 0 0.1 102 1.035 0 0 0 0 0 6 0 0 99 0 0 0.5 3 4 0 0 1
0 0 0.1 102 0.944 0 0 0 0 5 6 3 0 99 0 0 0.5 9 4 0 1 1
0 0 0.1 90 0.994 0 0 0 0 0 6 0 0 99 0 0 0.5 3 4 0 0 1
0 0 0.1 102 1.057 0 0 0 0 0 7 2 0 99 0 0 0.5 2 4 0 1 2
0 0 0.1 90 1.054 0 0 0 0 0 7 2 0 99 0 0 0.5 2 4 0 0 2
0 0 0.1 102 1.069 0 0 0 0 0 7 2 0 99 0 0 0.5 2 4 0 1 2
0 0 0.1 78 0.878 0 0 0 0 0 7 2 0 99 0 0 0.5 2 4 0 0 2
0 0 0.1 96 1.089 0 0 0 0 0 7 2 0 99 0 0 0.5 2 4 0 1 2
0 0 0.1 78 0.993 0 0 0 0 0 7 2 0 99 0 0 0.5 2 4 0 0 2
0 0 0.1 96 0.86 0 0 0 0 0 7 2 0 99 0 0 0.5 2 4 0 1 2
0 0 0.1 90 0.912 0 0 0 0 0 7 2 0 99 0 0 0.5 2 4 0 0 2
0 0 0.1 90 1.095 0 0 0 0 0 7 2 0 99 0 0 0.5 2 4 0 1 2
0 0 0.1 84 1.072 0 0 0 0 0 7 2 0 99 0 0 0.5 2 4 0 0 2
0 0 0.1 90 0.911 0 0 0 0 5 6 3 0 99 0 0 0.5 9 4 0 1 2
0 0 0.1 84 1.04 0 0 0 0 0 6 0 0 99 0 0 0.5 3 4 0 0 2
0 0 0.1 84 0.991 0 0 0 0 5 6 3 0 99 0 0 0.5 9 4 0 1 2
0 0 0.1 78 0.927 0 0 0 0 0 6 0 0 99 0 0 0.5 3 4 0 0 2
0 0 0.1 78 1.024 0 0 0 0 5 6 3 0 99 0 0 0.5 9 4 0 1 2
0 0 0.1 102 0.934 0 0 0 0 0 6 0 0 99 0 0 0.5 3 4 0 0 2
0 0 0.1 102 0.902 0 0 0 0 5 6 3 0 99 0 0 0.5 9 4 0 1 2
0 0 0.1 78 1.08 0 0 0 0 0 6 0 0 99 0 0 0.5 3 4 0 0 2
0 0 0.1 78 0.856 0 0 0 0 5 6 3 0 99 0 0 0.5 9 4 0 1 2
0 0 0.1 96 1.091 0 0 0 0 0 6 0 0 99 0 0 0.5 3 4 0 0 2
0 0 0.1 90 0.896 0 0 0 0 0 7 2 0 99 0 0 0.5 2 4 1 1 1
0 0 0.1 90 1.039 0 0 0 0 0 7 2 0 99 0 0 0.5 2 4 0 0 1
0 0 0.1 96 0.923 0 0 0 0 0 7 2 0 99 0 0 0.5 2 4 0 1 1
0 0 0.1 96 1.067 0 0 0 0 0 7 2 0 99 0 0 0.5 2 4 0 0 1
0 0 0.1 96 0.951 0 0 0 0 0 7 2 0 99 0 0 0.5 2 4 0 1 1
0 0 0.1 78 0.994 0 0 0 0 0 7 2 0 99 0 0 0.5 2 4 0 0 1
0 0 0.1 84 0.938 0 0 0 0 0 7 2 0 99 0 0 0.5 2 4 0 1 1
0 0 0.1 96 1.018 0 0 0 0 0 7 2 0 99 0 0 0.5 2 4 0 0 1
0 0 0.1 84 0.857 0 0 0 0 0 7 2 0 99 0 0 0.5 2 4 0 1 1
0 0 0.1 90 0.951 0 0 0 0 0 7 2 0 99 0 0 0.5 2 4 0 0 1
0 0 0.1 96 0.9 0 0 0 0 -5 6 3 0 99 0 0 0.5 9 4 0 1 1
0 0 0.1 96 1.065 0 0 0 0 0 6 0 0 99 0 0 0.5 3 4 0 0 1
0 0 0.1 102 1.093 0 0 0 0 -5 6 3 0 99 0 0 0.5 9 4 0 1 1
0 0 0.1 102 0.931 0 0 0 0 0 6 0 0 99 0 0 0.5 3 4 0 0 1
0 0 0.1 84 1.034 0 0 0 0 -5 6 3 0 99 0 0 0.5 9 4 0 1 1
0 0 0.1 84 0.936 0 0 0 0 0 6 0 0 99 0 0 0.5 3 4 0 0 1
0 0 0.1 90 1.095 0 0 0 0 -5 6 3 0 99 0 0 0.5 9 4 0 1 1
0 0 0.1 90 0.95 0 0 0 0 0 6 0 0 99 0 0 0.5 3 4 0 0 1
0 0 0.1 78 0.945 0 0 0 0 -5 6 3 0 99 0 0 0.5 9 4 0 1 1
0 0 0.1 78 0.991 0 0 0 0 0 6 0 0 99 0 0 0.5 3 4 0 0 1
0 0 0.1 102 0.966 0 0 0 0 0 7 2 0 99 0 0 0.5 2 4 0 1 3
0 0 0.1 84 0.9 0 0 0 0 0 7 2 0 99 0 0 0.5 2 4 0 0 3
0 0 0.1 96 0.957 0 0 0 0 0 7 2 0 99 0 0 0.5 2 4 0 1 3
0 0 0.1 96 0.874 0 0 0 0 0 7 2 0 99 0 0 0.5 2 4 0 0 3
0 0 0.1 96 0.879 0 0 0 0 0 7 2 0 99 0 0 0.5 2 4 0 1 3
0 0 0.1 90 0.961 0 0 0 0 0 7 2 0 99 0 0 0.5 2 4 0 0 3
0 0 0.1 84 0.901 0 0 0 0 0 7 2 0 99 0 0 0.5 2 4 0 1 3
0 0 0.1 78 0.957 0 0 0 0 0 7 2 0 99 0 0 0.5 2 4 0 0 3
0 0 0.1 84 1.096 0 0 0 0 0 7 2 0 99 0 0 0.5 2 4 0 1 3
0 0 0.1 102 1.058 0 0 0 0 0 7 2 0 99 0 0 0.5 2 4 0 0 3
0 0 0.1 84 0.922 0 0 0 0 -5 6 3 0 99 0 0 0.5 9 4 0 1 3
0 0 0.1 84 0.999 0 0 0 0 0 6 0 0 99 0 0 0.5 3 4 0 0 3
0 0 0.1 102 1.075 0 0 0 0 -5 6 3 0 99 0 0 0.5 9 4 0 1 3
0 0 0.1 102 0.964 0 0 0 0 0 6 0 0 99 0 0 0.5 3 4 0 0 3
0 0 0.1 78 0.887 0 0 0 0 -5 6 3 0 99 0 0 0.5 9 4 0 1 3
0 0 0.1 78 0.883 0 0 0 0 0 6 0 0 99 0 0 0.5 3 4 0 0 3
0 0 0.1 96 0.857 0 0 0 0 -5 6 3 0 99 0 0 0.5 9 4 0 1 3
0 0 0.1 96 1.035 0 0 0 0 0 6 0 0 99 0 0 0.5 3 4 0 0 3
0 0 0.1 90 0.944 0 0 0 0 -5 6 3 0 99 0 0 0.5 9 4 0 1 3
0 0 0.1 90 0.994 0 0 0 0 0 6 0 0 99 0 0 0.5 3 4 0 0 3
0 0 0.1 96 1.057 0 0 0 0 0 7 2 0 99 0 0 0.5 2 4 0 1 2
0 0 0.1 90 1.054 0 0 0 0 0 7 2 0 99 0 0 0.5 2 4 0 0 2
0 0 0.1 84 1.069 0 0 0 0 0 7 2 0 99 0 0 0.5 2 4 0 1 2
0 0 0.1 78 0.878 0 0 0 0 0 7 2 0 99 0 0 0.5 2 4 0 0 2
0 0 0.1 84 1.089 0 0 0 0 0 7 2 0 99 0 0 0.5 2 4 0 1 2
0 0 0.1 78 0.993 0 0 0 0 0 7 2 0 99 0 0 0.5 2 4 0 0 2
0 0 0.1 90 0.86 0 0 0 0 0 7 2 0 99 0 0 0.5 2 4 0 1 2
0 0 0.1 90 0.912 0 0 0 0 0 7 2 0 99 0 0 0.5 2 4 0 0 2
0 0 0.1 90 1.095 0 0 0 0 0 7 2 0 99 0 0 0.5 2 4 0 1 2
0 0 0.1 84 1.072 0 0 0 0 0 7 2 0 99 0 0 0.5 2 4 0 0 2
0 0 0.1 102 0.911 0 0 0 0 -5 6 3 0 99 0 0 0.5 9 4 0 1 2
0 0 0.1 102 1.04 0 0 0 0 0 6 0 0 99 0 0 0.5 3 4 0 0 2
0 0 0.1 96 0.991 0 0 0 0 -5 6 3 0 99 0 0 0.5 9 4 0 1 2
0 0 0.1 96 0.927 0 0 0 0 0 6 0 0 99 0 0 0.5 3 4 0 0 2
0 0 0.1 90 1.024 0 0 0 0 -5 6 3 0 99 0 0 0.5 9 4 0 1 2
0 0 0.1 90 0.934 0 0 0 0 0 6 0 0 99 0 0 0.5 3 4 0 0 2
0 0 0.1 84 0.902 0 0 0 0 -5 6 3 0 99 0 0 0.5 9 4 0 1 2
0 0 0.1 84 1.08 0 0 0 0 0 6 0 0 99 0 0 0.5 3 4 0 0 2
0 0 0.1 78 0.856 0 0 0 0 -5 6 3 0 99 0 0 0.5 9 4 0 1 2
0 0 0.1 78 1.091 0 0 0 0 0 6 0 0 99 0 0 0.5 3 4 0 0 2
0 0 0.1 78 0.896 0 0 0 0 0 7 2 0 99 0 0 0.5 2 4 1 1 1
0 0 0.1 90 1.039 0 0 0 0 0 7 2 0 99 0 0 0.5 2 4 0 0 1
0 0 0.1 78 0.923 0 0 0 0 0 7 2 0 99 0 0 0.5 2 4 0 1 1
0 0 0.1 96 1.067 0 0 0 0 0 7 2 0 99 0 0 0.5 2 4 0 0 1
0 0 0.1 102 0.951 0 0 0 0 0 7 2 0 99 0 0 0.5 2 4 0 1 1
0 0 0.1 78 0.994 0 0 0 0 0 7 2 0 99 0 0 0.5 2 4 0 0 1
0 0 0.1 102 0.938 0 0 0 0 0 7 2 0 99 0 0 0.5 2 4 0 1 1
0 0 0.1 96 1.018 0 0 0 0 0 7 2 0 99 0 0 0.5 2 4 0 0 1
0 0 0.1 90 0.857 0 0 0 0 0 7 2 0 99 0 0 0.5 2 4 0 1 1
0 0 0.1 90 0.951 0 0 0 0 0 7 2 0 99 0 0 0.5 2 4 0 0 1
0 0 0.1 90 0.9 0 0 0 0 5 6 3 0 99 0 0 0.5 9 4 0 1 1
0 0 0.1 96 1.065 0 0 0 0 0 6 0 0 99 0 0 0.5 3 4 0 0 1
0 0 0.1 96 1.093 0 0 0 0 5 6 3 0 99 0 0 0.5 9 4 0 1 1
0 0 0.1 84 0.931 0 0 0 0 0 6 0 0 99 0 0 0.5 3 4 0 0 1
0 0 0.1 84 1.034 0 0 0 0 5 6 3 0 99 0 0 0.5 9 4 0 1 1
0 0 0.1 96 0.936 0 0 0 0 0 6 0 0 99 0 0 0.5 3 4 0 0 1
0 0 0.1 96 1.095 0 0 0 0 5 6 3 0 99 0 0 0.5 9 4 0 1 1
0 0 0.1 102 0.95 0 0 0 0 0 6 0 0 99 0 0 0.5 3 4 0 0 1
0 0 0.1 102 0.945 0 0 0 0 5 6 3 0 99 0 0 0.5 9 4 0 1 1
0 0 0.1 84 0.991 0 0 0 0 0 6 0 0 99 0 0 0.5 3 4 0 0 1
0 0 0.1 78 0.966 0 0 0 0 0 7 2 0 99 0 0 0.5 2 4 0 1 3
0 0 0.1 84 0.9 0 0 0 0 0 7 2 0 99 0 0 0.5 2 4 0 0 3
0 0 0.1 78 0.957 0 0 0 0 0 7 2 0 99 0 0 0.5 2 4 0 1 3
0 0 0.1 96 0.874 0 0 0 0 0 7 2 0 99 0 0 0.5 2 4 0 0 3
0 0 0.1 90 0.879 0 0 0 0 0 7 2 0 99 0 0 0.5 2 4 0 1 3
0 0 0.1 90 0.961 0 0 0 0 0 7 2 0 99 0 0 0.5 2 4 0 0 3
0 0 0.1 90 0.901 0 0 0 0 0 7 2 0 99 0 0 0.5 2 4 0 1 3
0 0 0.1 78 0.957 0 0 0 0 0 7 2 0 99 0 0 0.5 2 4 0 0 3
0 0 0.1 102 1.096 0 0 0 0 0 7 2 0 99 0 0 0.5 2 4 0 1 3
0 0 0.1 102 1.058 0 0 0 0 0 7 2 0 99 0 0 0.5 2 4 0 0 3
0 0 0.1 102 0.922 0 0 0 0 5 6 3 0 99 0 0 0.5 9 4 0 1 3
0 0 0.1 96 0.999 0 0 0 0 0 6 0 0 99 0 0 0.5 3 4 0 0 3
0 0 0.1 96 1.075 0 0 0 0 5 6 3 0 99 0 0 0.5 9 4 0 1 3
0 0 0.1 84 0.964 0 0 0 0 0 6 0 0 99 0 0 0.5 3 4 0 0 3
0 0 0.1 84 0.887 0 0 0 0 5 6 3 0 99 0 0 0.5 9 4 0 1 3
0 0 0.1 84 0.883 0 0 0 0 0 6 0 0 99 0 0 0.5 3 4 0 0 3
0 0 0.1 84 0.857 0 0 0 0 5 6 3 0 99 0 0 0.5 9 4 0 1 3
0 0 0.1 102 1.035 0 0 0 0 0 6 0 0 99 0 0 0.5 3 4 0 0 3
0 0 0.1 102 0.944 0 0 0 0 5 6 3 0 99 0 0 0.5 9 4 0 1 3
0 0 0.1 78 0.994 0 0 0 0 0 6 0 0 99 0 0 0.5 3 4 0 0 3
0 0 0.1 102 1.057 0 0 0 0 0 7 2 0 99 0 0 0.5 2 4 0 1 2
0 0 0.1 90 1.054 0 0 0 0 0 7 2 0 99 0 0 0.5 2 4 0 0 2
0 0 0.1 102 1.069 0 0 0 0 0 7 2 0 99 0 0 0.5 2 4 0 1 2
0 0 0.1 78 0.878 0 0 0 0 0 7 2 0 99 0 0 0.5 2 4 0 0 2
0 0 0.1 78 1.089 0 0 0 0 0 7 2 0 99 0 0 0.5 2 4 0 1 2
0 0 0.1 78 0.993 0 0 0 0 0 7 2 0 99 0 0 0.5 2 4 0 0 2
0 0 0.1 78 0.86 0 0 0 0 0 7 2 0 99 0 0 0.5 2 4 0 1 2
0 0 0.1 90 0.912 0 0 0 0 0 7 2 0 99 0 0 0.5 2 4 0 0 2
0 0 0.1 96 1.095 0 0 0 0 0 7 2 0 99 0 0 0.5 2 4 0 1 2
0 0 0.1 84 1.072 0 0 0 0 0 7 2 0 99 0 0 0.5 2 4 0 0 2
0 0 0.1 96 0.911 0 0 0 0 5 6 3 0 99 0 0 0.5 9 4 0 1 2
0 0 0.1 84 1.04 0 0 0 0 0 6 0 0 99 0 0 0.5 3 4 0 0 2
0 0 0.1 84 0.991 0 0 0 0 5 6 3 0 99 0 0 0.5 9 4 0 1 2
0 0 0.1 90 0.927 0 0 0 0 0 6 0 0 99 0 0 0.5 3 4 0 0 2
0 0 0.1 90 1.024 0 0 0 0 5 6 3 0 99 0 0 0.5 9 4 0 1 2
0 0 0.1 102 0.934 0 0 0 0 0 6 0 0 99 0 0 0.5 3 4 0 0 2
0 0 0.1 102 0.902 0 0 0 0 5 6 3 0 99 0 0 0.5 9 4 0 1 2
0 0 0.1 96 1.08 0 0 0 0 0 6 0 0 99 0 0 0.5 3 4 0 0 2
0 0 0.1 96 0.856 0 0 0 0 5 6 3 0 99 0 0 0.5 9 4 0 1 2
0 0 0.1 90 1.091 0 0 0 0 0 6 0 0 99 0 0 0.5 3 4 0 0 2
0 0 0.1 78 0.896 0 0 0 0 0 7 2 0 99 0 0 0.5 2 4 1 1 3
0 0 0.1 90 1.039 0 0 0 0 0 7 2 0 99 0 0 0.5 2 4 0 0 3
0 0 0.1 96 0.923 0 0 0 0 0 7 2 0 99 0 0 0.5 2 4 0 1 3
0 0 0.1 96 1.067 0 0 0 0 0 7 2 0 99 0 0 0.5 2 4 0 0 3
0 0 0.1 96 0.951 0 0 0 0 0 7 2 0 99 0 0 0.5 2 4 0 1 3
0 0 0.1 78 0.994 0 0 0 0 0 7 2 0 99 0 0 0.5 2 4 0 0 3
0 0 0.1 90 0.938 0 0 0 0 0 7 2 0 99 0 0 0.5 2 4 0 1 3
0 0 0.1 96 1.018 0 0 0 0 0 7 2 0 99 0 0 0.5 2 4 0 0 3
0 0 0.1 90 0.857 0 0 0 0 0 7 2 0 99 0 0 0.5 2 4 0 1 3
0 0 0.1 90 0.951 0 0 0 0 0 7 2 0 99 0 0 0.5 2 4 0 0 3
0 0 0.1 78 0.9 0 0 0 0 -5 6 3 0 99 0 0 0.5 9 4 0 1 3
0 0 0.1 78 1.065 0 0 0 0 0 6 0 0 99 0 0 0.5 3 4 0 0 3
0 0 0.1 90 1.093 0 0 0 0 -5 6 3 0 99 0 0 0.5 9 4 0 1 3
0 0 0.1 90 0.931 0 0 0 0 0 6 0 0 99 0 0 0.5 3 4 0 0 3
0 0 0.1 102 1.034 0 0 0 0 -5 6 3 0 99 0 0 0.5 9 4 0 1 3
0 0 0.1 102 0.936 0 0 0 0 0 6 0 0 99 0 0 0.5 3 4 0 0 3
0 0 0.1 96 1.095 0 0 0 0 -5 6 3 0 99 0 0 0.5 9 4 0 1 3
0 0 0.1 96 0.95 0 0 0 0 0 6 0 0 99 0 0 0.5 3 4 0 0 3
0 0 0.1 84 0.945 0 0 0 0 -5 6 3 0 99 0 0 0.5 9 4 0 1 3
0 0 0.1 84 0.991 0 0 0 0 0 6 0 0 99 0 0 0.5 3 4 0 0 3
0 0 0.1 84 0.966 0 0 0 0 0 7 2 0 99 0 0 0.5 2 4 0 1 1
0 0 0.1 84 0.9 0 0 0 0 0 7 2 0 99 0 0 0.5 2 4 0 0 1
0 0 0.1 90 0.957 0 0 0 0 0 7 2 0 99 0 0 0.5 2 4 0 1 1
0 0 0.1 96 0.874 0 0 0 0 0 7 2 0 99 0 0 0.5 2 4 0 0 1
0 0 0.1 90 0.879 0 0 0 0 0 7 2 0 99 0 0 0.5 2 4 0 1 1
0 0 0.1 90 0.961 0 0 0 0 0 7 2 0 99 0 0 0.5 2 4 0 0 1
0 0 0.1 78 0.901 0 0 0 0 0 7 2 0 99 0 0 0.5 2 4 0 1 1
0 0 0.1 78 0.957 0 0 0 0 0 7 2 0 99 0 0 0.5 2 4 0 0 1
0 0 0.1 78 1.096 0 0 0 0 0 7 2 0 99 0 0 0.5 2 4 0 1 1
0 0 0.1 102 1.058 0 0 0 0 0 7 2 0 99 0 0 0.5 2 4 0 0 1
0 0 0.1 78 0.922 0 0 0 0 -5 6 3 0 99 0 0 0.5 9 4 0 1 1
0 0 0.1 78 0.999 0 0 0 0 0 6 0 0 99 0 0 0.5 3 4 0 0 1
0 0 0.1 102 1.075 0 0 0 0 -5 6 3 0 99 0 0 0.5 9 4 0 1 1
0 0 0.1 102 0.964 0 0 0 0 0 6 0 0 99 0 0 0.5 3 4 0 0 1
0 0 0.1 90 0.887 0 0 0 0 -5 6 3 0 99 0 0 0.5 9 4 0 1 1
0 0 0.1 90 0.883 0 0 0 0 0 6 0 0 99 0 0 0.5 3 4 0 0 1
0 0 0.1 96 0.857 0 0 0 0 -5 6 3 0 99 0 0 0.5 9 4 0 1 1
0 0 0.1 96 1.035 0 0 0 0 0 6 0 0 99 0 0 0.5 3 4 0 0 1
0 0 0.1 84 0.944 0 0 0 0 -5 6 3 0 99 0 0 0.5 9 4 0 1 1
0 0 0.1 84 0.994 0 0 0 0 0 6 0 0 99 0 0 0.5 3 4 0 0 1
0 0 0.1 90 1.057 0 0 0 0 0 7 2 0 99 0 0 0.5 2 4 0 1 2
0 0 0.1 90 1.054 0 0 0 0 0 7 2 0 99 0 0 0.5 2 4 0 0 2
0 0 0.1 84 1.069 0 0 0 0 0 7 2 0 99 0 0 0.5 2 4 0 1 2
0 0 0.1 78 0.878 0 0 0 0 0 7 2 0 99 0 0 0.5 2 4 0 0 2
0 0 0.1 84 1.089 0 0 0 0 0 7 2 0 99 0 0 0.5 2 4 0 1 2
0 0 0.1 78 0.993 0 0 0 0 0 7 2 0 99 0 0 0.5 2 4 0 0 2
0 0 0.1 78 0.86 0 0 0 0 0 7 2 0 99 0 0 0.5 2 4 0 1 2
0 0 0.1 90 0.912 0 0 0 0 0 7 2 0 99 0 0 0.5 2 4 0 0 2
0 0 0.1 78 1.095 0 0 0 0 0 7 2 0 99 0 0 0.5 2 4 0 1 2
0 0 0.1 84 1.072 0 0 0 0 0 7 2 0 99 0 0 0.5 2 4 0 0 2
0 0 0.1 102 0.911 0 0 0 0 -5 6 3 0 99 0 0 0.5 9 4 0 1 2
0 0 0.1 102 1.04 0 0 0 0 0 6 0 0 99 0 0 0.5 3 4 0 0 2
0 0 0.1 78 0.991 0 0 0 0 -5 6 3 0 99 0 0 0.5 9 4 0 1 2
0 0 0.1 78 0.927 0 0 0 0 0 6 0 0 99 0 0 0.5 3 4 0 0 2
0 0 0.1 96 1.024 0 0 0 0 -5 6 3 0 99 0 0 0.5 9 4 0 1 2
0 0 0.1 96 0.934 0 0 0 0 0 6 0 0 99 0 0 0.5 3 4 0 0 2
0 0 0.1 84 0.902 0 0 0 0 -5 6 3 0 99 0 0 0.5 9 4 0 1 2
0 0 0.1 84 1.08 0 0 0 0 0 6 0 0 99 0 0 0.5 3 4 0 0 2
0 0 0.1 90 0.856 0 0 0 0 -5 6 3 0 99 0 0 0.5 9 4 0 1 2
0 0 0.1 90 1.091 0 0 0 0 0 6 0 0 99 0 0 0.5 3 4 0 0 2
0 0 0.1 96 0.896 0 0 0 0 0 7 2 0 99 0 0 0.5 2 4 1 1 1
0 0 0.1 90 1.039 0 0 0 0 0 7 2 0 99 0 0 0.5 2 4 0 0 1
0 0 0.1 96 0.923 0 0 0 0 0 7 2 0 99 0 0 0.5 2 4 0 1 1
0 0 0.1 96 1.067 0 0 0 0 0 7 2 0 99 0 0 0.5 2 4 0 0 1
0 0 0.1 102 0.951 0 0 0 0 0 7 2 0 99 0 0 0.5 2 4 0 1 1
0 0 0.1 78 0.994 0 0 0 0 0 7 2 0 99 0 0 0.5 2 4 0 0 1
0 0 0.1 102 0.938 0 0 0 0 0 7 2 0 99 0 0 0.5 2 4 0 1 1
0 0 0.1 96 1.018 0 0 0 0 0 7 2 0 99 0 0 0.5 2 4 0 0 1
0 0 0.1 84 0.857 0 0 0 0 0 7 2 0 99 0 0 0.5 2 4 0 1 1
0 0 0.1 90 0.951 0 0 0 0 0 7 2 0 99 0 0 0.5 2 4 0 0 1
0 0 0.1 84 0.9 0 0 0 0 5 6 3 0 99 0 0 0.5 9 4 0 1 1
0 0 0.1 90 1.065 0 0 0 0 0 6 0 0 99 0 0 0.5 3 4 0 0 1
0 0 0.1 90 1.093 0 0 0 0 5 6 3 0 99 0 0 0.5 9 4 0 1 1
0 0 0.1 78 0.931 0 0 0 0 0 6 0 0 99 0 0 0.5 3 4 0 0 1
0 0 0.1 78 1.034 0 0 0 0 5 6 3 0 99 0 0 0.5 9 4 0 1 1
0 0 0.1 78 0.936 0 0 0 0 0 6 0 0 99 0 0 0.5 3 4 0 0 1
0 0 0.1 78 1.095 0 0 0 0 5 6 3 0 99 0 0 0.5 9 4 0 1 1
0 0 0.1 102 0.95 0 0 0 0 0 6 0 0 99 0 0 0.5 3 4 0 0 1
0 0 0.1 102 0.945 0 0 0 0 5 6 3 0 99 0 0 0.5 9 4 0 1 1
0 0 0.1 90 0.991 0 0 0 0 0 6 0 0 99 0 0 0.5 3 4 0 0 1
0 0 0.1 84 0.966 0 0 0 0 0 7 2 0 99 0 0 0.5 2 4 0 1 3
0 0 0.1 84 0.9 0 0 0 0 0 7 2 0 99 0 0 0.5 2 4 0 0 3
0 0 0.1 84 0.957 0 0 0 0 0 7 2 0 99 0 0 0.5 2 4 0 1 3
0 0 0.1 96 0.874 0 0 0 0 0 7 2 0 99 0 0 0.5 2 4 0 0 3
0 0 0.1 102 0.879 0 0 0 0 0 7 2 0 99 0 0 0.5 2 4 0 1 3
0 0 0.1 90 0.961 0 0 0 0 0 7 2 0 99 0 0 0.5 2 4 0 0 3
0 0 0.1 102 0.901 0 0 0 0 0 7 2 0 99 0 0 0.5 2 4 0 1 3
0 0 0.1 78 0.957 0 0 0 0 0 7 2 0 99 0 0 0.5 2 4 0 0 3
0 0 0.1 78 1.096 0 0 0 0 0 7 2 0 99 0 0 0.5 2 4 0 1 3
0 0 0.1 102 1.058 0 0 0 0 0 7 2 0 99 0 0 0.5 2 4 0 0 3
0 0 0.1 78 0.922 0 0 0 0 5 6 3 0 99 0 0 0.5 9 4 0 1 3
0 0 0.1 96 0.999 0 0 0 0 0 6 0 0 99 0 0 0.5 3 4 0 0 3
0 0 0.1 96 1.075 0 0 0 0 5 6 3 0 99 0 0 0.5 9 4 0 1 3
0 0 0.1 90 0.964 0 0 0 0 0 6 0 0 99 0 0 0.5 3 4 0 0 3
0 0 0.1 90 0.887 0 0 0 0 5 6 3 0 99 0 0 0.5 9 4 0 1 3
0 0 0.1 78 0.883 0 0 0 0 0 6 0 0 99 0 0 0.5 3 4 0 0 3
0 0 0.1 78 0.857 0 0 0 0 5 6 3 0 99 0 0 0.5 9 4 0 1 3
0 0 0.1 90 1.035 0 0 0 0 0 6 0 0 99 0 0 0.5 3 4 0 0 3
0 0 0.1 90 0.944 0 0 0 0 5 6 3 0 99 0 0 0.5 9 4 0 1 3
0 0 0.1 102 0.994 0 0 0 0 0 6 0 0 99 0 0 0.5 3 4 0 0 3
0 0 0.1 102 1.057 0 0 0 0 0 7 2 0 99 0 0 0.5 2 4 0 1 2
0 0 0.1 90 1.054 0 0 0 0 0 7 2 0 99 0 0 0.5 2 4 0 0 2
0 0 0.1 102 1.069 0 0 0 0 0 7 2 0 99 0 0 0.5 2 4 0 1 2
0 0 0.1 78 0.878 0 0 0 0 0 7 2 0 99 0 0 0.5 2 4 0 0 2
0 0 0.1 96 1.089 0 0 0 0 0 7 2 0 99 0 0 0.5 2 4 0 1 2
0 0 0.1 78 0.993 0 0 0 0 0 7 2 0 99 0 0 0.5 2 4 0 0 2
0 0 0.1 96 0.86 0 0 0 0 0 7 2 0 99 0 0 0.5 2 4 0 1 2
0 0 0.1 90 0.912 0 0 0 0 0 7 2 0 99 0 0 0.5 2 4 0 0 2
0 0 0.1 90 1.095 0 0 0 0 0 7 2 0 99 0 0 0.5 2 4 0 1 2
0 0 0.1 84 1.072 0 0 0 0 0 7 2 0 99 0 0 0.5 2 4 0 0 2
0 0 0.1 90 0.911 0 0 0 0 5 6 3 0 99 0 0 0.5 9 4 0 1 2
0 0 0.1 84 1.04 0 0 0 0 0 6 0 0 99 0 0 0.5 3 4 0 0 2
0 0 0.1 84 0.991 0 0 0 0 5 6 3 0 99 0 0 0.5 9 4 0 1 2
0 0 0.1 78 0.927 0 0 0 0 0 6 0 0 99 0 0 0.5 3 4 0 0 2
0 0 0.1 78 1.024 0 0 0 0 5 6 3 0 99 0 0 0.5 9 4 0 1 2
0 0 0.1 102 0.934 0 0 0 0 0 6 0 0 99 0 0 0.5 3 4 0 0 2
0 0 0.1 102 0.902 0 0 0 0 5 6 3 0 99 0 0 0.5 9 4 0 1 2
0 0 0.1 78 1.08 0 0 0 0 0 6 0 0 99 0 0 0.5 3 4 0 0 2
0 0 0.1 78 0.856 0 0 0 0 5 6 3 0 99 0 0 0.5 9 4 0 1 2
0 0 0.1 96 1.091 0 0 0 0 0 6 0 0 99 0 0 0.5 3 4 0 0 2
0 0 0.1 96 0.896 0 0 0 0 0 7 2 0 99 0 0 0.5 2 4 1 1 2
0 0 0.1 90 1.039 0 0 0 0 0 7 2 0 99 0 0 0.5 2 4 0 0 2
0 0 0.1 84 0.923 0 0 0 0 0 7 2 0 99 0 0 0.5 2 4 0 1 2
0 0 0.1 96 1.067 0 0 0 0 0 7 2 0 99 0 0 0.5 2 4 0 0 2
0 0 0.1 84 0.951 0 0 0 0 0 7 2 0 99 0 0 0.5 2 4 0 1 2
0 0 0.1 78 0.994 0 0 0 0 0 7 2 0 99 0 0 0.5 2 4 0 0 2
0 0 0.1 90 0.938 0 0 0 0 0 7 2 0 99 0 0 0.5 2 4 0 1 2
0 0 0.1 96 1.018 0 0 0 0 0 7 2 0 99 0 0 0.5 2 4 0 0 2
0 0 0.1 90 0.857 0 0 0 0 0 7 2 0 99 0 0 0.5 2 4 0 1 2
0 0 0.1 90 0.951 0 0 0 0 0 7 2 0 99 0 0 0.5 2 4 0 0 2
0 0 0.1 102 0.9 0 0 0 0 -5 6 3 0 99 0 0 0.5 9 4 0 1 2
0 0 0.1 102 1.065 0 0 0 0 0 6 0 0 99 0 0 0.5 3 4 0 0 2
0 0 0.1 96 1.093 0 0 0 0 -5 6 3 0 99 0 0 0.5 9 4 0 1 2
0 0 0.1 96 0.931 0 0 0 0 0 6 0 0 99 0 0 0.5 3 4 0 0 2
0 0 0.1 90 1.034 0 0 0 0 -5 6 3 0 99 0 0 0.5 9 4 0 1 2
0 0 0.1 90 0.936 0 0 0 0 0 6 0 0 99 0 0 0.5 3 4 0 0 2
0 0 0.1 84 1.095 0 0 0 0 -5 6 3 0 99 0 0 0.5 9 4 0 1 2
0 0 0.1 84 0.95 0 0 0 0 0 6 0 0 99 0 0 0.5 3 4 0 0 2
0 0 0.1 78 0.945 0 0 0 0 -5 6 3 0 99 0 0 0.5 9 4 0 1 2
0 0 0.1 78 0.991 0 0 0 0 0 6 0 0 99 0 0 0.5 3 4 0 0 2
0 0 0.1 90 0.966 0 0 0 0 0 7 2 0 99 0 0 0.5 2 4 0 1 1
0 0 0.1 84 0.9 0 0 0 0 0 7 2 0 99 0 0 0.5 2 4 0 0 1
0 0 0.1 96 0.957 0 0 0 0 0 7 2 0 99 0 0 0.5 2 4 0 1 1
0 0 0.1 96 0.874 0 0 0 0 0 7 2 0 99 0 0 0.5 2 4 0 0 1
0 0 0.1 96 0.879 0 0 0 0 0 7 2 0 99 0 0 0.5 2 4 0 1 1
0 0 0.1 90 0.961 0 0 0 0 0 7 2 0 99 0 0 0.5 2 4 0 0 1
0 0 0.1 84 0.901 0 0 0 0 0 7 2 0 99 0 0 0.5 2 4 0 1 1
0 0 0.1 78 0.957 0 0 0 0 0 7 2 0 99 0 0 0.5 2 4 0 0 1
0 0 0.1 84 1.096 0 0 0 0 0 7 2 0 99 0 0 0.5 2 4 0 1 1
0 0 0.1 102 1.058 0 0 0 0 0 7 2 0 99 0 0 0.5 2 4 0 0 1
0 0 0.1 96 0.922 0 0 0 0 -5 6 3 0 99 0 0 0.5 9 4 0 1 1
0 0 0.1 96 0.999 0 0 0 0 0 6 0 0 99 0 0 0.5 3 4 0 0 1
0 0 0.1 102 1.075 0 0 0 0 -5 6 3 0 99 0 0 0.5 9 4 0 1 1
0 0 0.1 102 0.964 0 0 0 0 0 6 0 0 99 0 0 0.5 3 4 0 0 1
0 0 0.1 84 0.887 0 0 0 0 -5 6 3 0 99 0 0 0.5 9 4 0 1 1
0 0 0.1 84 0.883 0 0 0 0 0 6 0 0 99 0 0 0.5 3 4 0 0 1
0 0 0.1 90 0.857 0 0 0 0 -5 6 3 0 99 0 0 0.5 9 4 0 1 1
0 0 0.1 90 1.035 0 0 0 0 0 6 0 0 99 0 0 0.5 3 4 0 0 1
0 0 0.1 78 0.944 0 0 0 0 -5 6 3 0 99 0 0 0.5 9 4 0 1 1
0 0 0.1 78 0.994 0 0 0 0 0 6 0 0 99 0 0 0.5 3 4 0 0 1
0 0 0.1 102 1.057 0 0 0 0 0 7 2 0 99 0 0 0.5 2 4 0 1 3
0 0 0.1 90 1.054 0 0 0 0 0 7 2 0 99 0 0 0.5 2 4 0 0 3
0 0 0.1 96 1.069 0 0 0 0 0 7 2 0 99 0 0 0.5 2 4 0 1 3
0 0 0.1 78 0.878 0 0 0 0 0 7 2 0 99 0 0 0.5 2 4 0 0 3
0 0 0.1 96 1.089 0 0 0 0 0 7 2 0 99 0 0 0.5 2 4 0 1 3
0 0 0.1 78 0.993 0 0 0 0 0 7 2 0 99 0 0 0.5 2 4 0 0 3
0 0 0.1 84 0.86 0 0 0 0 0 7 2 0 99 0 0 0.5 2 4 0 1 3
0 0 0.1 90 0.912 0 0 0 0 0 7 2 0 99 0 0 0.5 2 4 0 0 3
0 0 0.1 84 1.095 0 0 0 0 0 7 2 0 99 0 0 0.5 2 4 0 1 3
0 0 0.1 84 1.072 0 0 0 0 0 7 2 0 99 0 0 0.5 2 4 0 0 3
0 0 0.1 84 0.911 0 0 0 0 -5 6 3 0 99 0 0 0.5 9 4 0 1 3
0 0 0.1 84 1.04 0 0 0 0 0 6 0 0 99 0 0 0.5 3 4 0 0 3
0 0 0.1 102 0.991 0 0 0 0 -5 6 3 0 99 0 0 0.5 9 4 0 1 3
0 0 0.1 102 0.927 0 0 0 0 0 6 0 0 99 0 0 0.5 3 4 0 0 3
0 0 0.1 78 1.024 0 0 0 0 -5 6 3 0 99 0 0 0.5 9 4 0 1 3
0 0 0.1 78 0.934 0 0 0 0 0 6 0 0 99 0 0 0.5 3 4 0 0 3
0 0 0.1 96 0.902 0 0 0 0 -5 6 3 0 99 0 0 0.5 9 4 0 1 3
0 0 0.1 96 1.08 0 0 0 0 0 6 0 0 99 0 0 0.5 3 4 0 0 3
0 0 0.1 90 0.856 0 0 0 0 -5 6 3 0 99 0 0 0.5 9 4 0 1 3
0 0 0.1 90 1.091 0 0 0 0 0 6 0 0 99 0 0 0.5 3 4 0 0 3
0 0 0.1 78 0.896 0 0 0 0 0 7 2 0 99 0 0 0.5 2 4 1 1 1
0 0 0.1 90 1.039 0 0 0 0 0 7 2 0 99 0 0 0.5 2 4 0 0 1
0 0 0.1 78 0.923 0 0 0 0 0 7 2 0 99 0 0 0.5 2 4 0 1 1
0 0 0.1 96 1.067 0 0 0 0 0 7 2 0 99 0 0 0.5 2 4 0 0 1
0 0 0.1 102 0.951 0 0 0 0 0 7 2 0 99 0 0 0.5 2 4 0 1 1
0 0 0.1 78 0.994 0 0 0 0 0 7 2 0 99 0 0 0.5 2 4 0 0 1
0 0 0.1 102 0.938 0 0 0 0 0 7 2 0 99 0 0 0.5 2 4 0 1 1
0 0 0.1 96 1.018 0 0 0 0 0 7 2 0 99 0 0 0.5 2 4 0 0 1
0 0 0.1 90 0.857 0 0 0 0 0 7 2 0 99 0 0 0.5 2 4 0 1 1
0 0 0.1 90 0.951 0 0 0 0 0 7 2 0 99 0 0 0.5 2 4 0 0 1
0 0 0.1 90 0.9 0 0 0 0 5 6 3 0 99 0 0 0.5 9 4 0 1 1
0 0 0.1 96 1.065 0 0 0 0 0 6 0 0 99 0 0 0.5 3 4 0 0 1
0 0 0.1 96 1.093 0 0 0 0 5 6 3 0 99 0 0 0.5 9 4 0 1 1
0 0 0.1 84 0.931 0 0 0 0 0 6 0 0 99 0 0 0.5 3 4 0 0 1
0 0 0.1 84 1.034 0 0 0 0 5 6 3 0 99 0 0 0.5 9 4 0 1 1
0 0 0.1 96 0.936 0 0 0 0 0 6 0 0 99 0 0 0.5 3 4 0 0 1
0 0 0.1 96 1.095 0 0 0 0 5 6 3 0 99 0 0 0.5 9 4 0 1 1
0 0 0.1 102 0.95 0 0 0 0 0 6 0 0 99 0 0 0.5 3 4 0 0 1
0 0 0.1 102 0.945 0 0 0 0 5 6 3 0 99 0 0 0.5 9 4 0 1 1
0 0 0.1 84 0.991 0 0 0 0 0 6 0 0 99 0 0 0.5 3 4 0 0 1
0 0 0.1 78 0.966 0 0 0 0 0 7 2 0 99 0 0 0.5 2 4 0 1 3
0 0 0.1 84 0.9 0 0 0 0 0 7 2 0 99 0 0 0.5 2 4 0 0 3
0 0 0.1 78 0.957 0 0 0 0 0 7 2 0 99 0 0 0.5 2 4 0 1 3
0 0 0.1 96 0.874 0 0 0 0 0 7 2 0 99 0 0 0.5 2 4 0 0 3
0 0 0.1 90 0.879 0 0 0 0 0 7 2 0 99 0 0 0.5 2 4 0 1 3
0 0 0.1 90 0.961 0 0 0 0 0 7 2 0 99 0 0 0.5 2 4 0 0 3
0 0 0.1 90 0.901 0 0 0 0 0 7 2 0 99 0 0 0.5 2 4 0 1 3
0 0 0.1 78 0.957 0 0 0 0 0 7 2 0 99 0 0 0.5 2 4 0 0 3
0 0 0.1 102 1.096 0 0 0 0 0 7 2 0 99 0 0 0.5 2 4 0 1 3
0 0 0.1 102 1.058 0 0 0 0 0 7 2 0 99 0 0 0.5 2 4 0 0 3
0 0 0.1 102 0.922 0 0 0 0 5 6 3 0 99 0 0 0.5 9 4 0 1 3
0 0 0.1 96 0.999 0 0 0 0 0 6 0 0 99 0 0 0.5 3 4 0 0 3
0 0 0.1 96 1.075 0 0 0 0 5 6 3 0 99 0 0 0.5 9 4 0 1 3
0 0 0.1 84 0.964 0 0 0 0 0 6 0 0 99 0 0 0.5 3 4 0 0 3
0 0 0.1 84 0.887 0 0 0 0 5 6 3 0 99 0 0 0.5 9 4 0 1 3
0 0 0.1 84 0.883 0 0 0 0 0 6 0 0 99 0 0 0.5 3 4 0 0 3
0 0 0.1 84 0.857 0 0 0 0 5 6 3 0 99 0 0 0.5 9 4 0 1 3
0 0 0.1 102 1.035 0 0 0 0 0 6 0 0 99 0 0 0.5 3 4 0 0 3
0 0 0.1 102 0.944 0 0 0 0 5 6 3 0 99 0 0 0.5 9 4 0 1 3
0 0 0.1 78 0.994 0 0 0 0 0 6 0 0 99 0 0 0.5 3 4 0 0 3
0 0 0.1 102 1.057 0 0 0 0 0 7 2 0 99 0 0 0.5 2 4 0 1 2
0 0 0.1 90 1.054 0 0 0 0 0 7 2 0 99 0 0 0.5 2 4 0 0 2
0 0 0.1 102 1.069 0 0 0 0 0 7 2 0 99 0 0 0.5 2 4 0 1 2
0 0 0.1 78 0.878 0 0 0 0 0 7 2 0 99 0 0 0.5 2 4 0 0 2
0 0 0.1 78 1.089 0 0 0 0 0 7 2 0 99 0 0 0.5 2 4 0 1 2
0 0 0.1 78 0.993 0 0 0 0 0 7 2 0 99 0 0 0.5 2 4 0 0 2
0 0 0.1 78 0.86 0 0 0 0 0 7 2 0 99 0 0 0.5 2 4 0 1 2
0 0 0.1 90 0.912 0 0 0 0 0 7 2 0 99 0 0 0.5 2 4 0 0 2
0 0 0.1 96 1.095 0 0 0 0 0 7 2 0 99 0 0 0.5 2 4 0 1 2
0 0 0.1 84 1.072 0 0 0 0 0 7 2 0 99 0 0 0.5 2 4 0 0 2
0 0 0.1 96 0.911 0 0 0 0 5 6 3 0 99 0 0 0.5 9 4 0 1 2
0 0 0.1 84 1.04 0 0 0 0 0 6 0 0 99 0 0 0.5 3 4 0 0 2
0 0 0.1 84 0.991 0 0 0 0 5 6 3 0 99 0 0 0.5 9 4 0 1 2
0 0 0.1 90 0.927 0 0 0 0 0 6 0 0 99 0 0 0.5 3 4 0 0 2
0 0 0.1 90 1.024 0 0 0 0 5 6 3 0 99 0 0 0.5 9 4 0 1 2
0 0 0.1 102 0.934 0 0 0 0 0 6 0 0 99 0 0 0.5 3 4 0 0 2
0 0 0.1 102 0.902 0 0 0 0 5 6 3 0 99 0 0 0.5 9 4 0 1 2
0 0 0.1 96 1.08 0 0 0 0 0 6 0 0 99 0 0 0.5 3 4 0 0 2
0 0 0.1 96 0.856 0 0 0 0 5 6 3 0 99 0 0 0.5 9 4 0 1 2
0 0 0.1 90 1.091 0 0 0 0 0 6 0 0 99 0 0 0.5 3 4 0 0 2
0 0 0.1 78 0.896 0 0 0 0 0 7 2 0 99 0 0 0.5 2 4 1 1 3
0 0 0.1 90 1.039 0 0 0 0 0 7 2 0 99 0 0 0.5 2 4 0 0 3
0 0 0.1 96 0.923 0 0 0 0 0 7 2 0 99 0 0 0.5 2 4 0 1 3
0 0 0.1 96 1.067 0 0 0 0 0 7 2 0 99 0 0 0.5 2 4 0 0 3
0 0 0.1 96 0.951 0 0 0 0 0 7 2 0 99 0 0 0.5 2 4 0 1 3
0 0 0.1 78 0.994 0 0 0 0 0 7 2 0 99 0 0 0.5 2 4 0 0 3
0 0 0.1 90 0.938 0 0 0 0 0 7 2 0 99 0 0 0.5 2 4 0 1 3
0 0 0.1 96 1.018 0 0 0 0 0 7 2 0 99 0 0 0.5 2 4 0 0 3
0 0 0.1 90 0.857 0 0 0 0 0 7 2 0 99 0 0 0.5 2 4 0 1 3
0 0 0.1 90 0.951 0 0 0 0 0 7 2 0 99 0 0 0.5 2 4 0 0 3
0 0 0.1 78 0.9 0 0 0 0 -5 6 3 0 99 0 0 0.5 9 4 0 1 3
0 0 0.1 78 1.065 0 0 0 0 0 6 0 0 99 0 0 0.5 3 4 0 0 3
0 0 0.1 90 1.093 0 0 0 0 -5 6 3 0 99 0 0 0.5 9 4 0 1 3
0 0 0.1 90 0.931 0 0 0 0 0 6 0 0 99 0 0 0.5 3 4 0 0 3
0 0 0.1 102 1.034 0 0 0 0 -5 6 3 0 99 0 0 0.5 9 4 0 1 3
0 0 0.1 102 0.936 0 0 0 0 0 6 0 0 99 0 0 0.5 3 4 0 0 3
0 0 0.1 96 1.095 0 0 0 0 -5 6 3 0 99 0 0 0.5 9 4 0 1 3
0 0 0.1 96 0.95 0 0 0 0 0 6 0 0 99 0 0 0.5 3 4 0 0 3
0 0 0.1 84 0.945 0 0 0 0 -5 6 3 0 99 0 0 0.5 9 4 0 1 3
0 0 0.1 84 0.991 0 0 0 0 0 6 0 0 99 0 0 0.5 3 4 0 0 3
0 0 0.1 90 0.966 0 0 0 0 0 7 2 0 99 0 0 0.5 2 4 0 1 2
0 0 0.1 84 0.9 0 0 0 0 0 7 2 0 99 0 0 0.5 2 4 0 0 2
0 0 0.1 84 0.957 0 0 0 0 0 7 2 0 99 0 0 0.5 2 4 0 1 2
0 0 0.1 96 0.874 0 0 0 0 0 7 2 0 99 0 0 0.5 2 4 0 0 2
0 0 0.1 84 0.879 0 0 0 0 0 7 2 0 99 0 0 0.5 2 4 0 1 2
0 0 0.1 90 0.961 0 0 0 0 0 7 2 0 99 0 0 0.5 2 4 0 0 2
0 0 0.1 78 0.901 0 0 0 0 0 7 2 0 99 0 0 0.5 2 4 0 1 2
0 0 0.1 78 0.957 0 0 0 0 0 7 2 0 99 0 0 0.5 2 4 0 0 2
0 0 0.1 78 1.096 0 0 0 0 0 7 2 0 99 0 0 0.5 2 4 0 1 2
0 0 0.1 102 1.058 0 0 0 0 0 7 2 0 99 0 0 0.5 2 4 0 0 2
0 0 0.1 102 0.922 0 0 0 0 -5 6 3 0 99 0 0 0.5 9 4 0 1 2
0 0 0.1 102 0.999 0 0 0 0 0 6 0 0 99 0 0 0.5 3 4 0 0 2
0 0 0.1 78 1.075 0 0 0 0 -5 6 3 0 99 0 0 0.5 9 4 0 1 2
0 0 0.1 78 0.964 0 0 0 0 0 6 0 0 99 0 0 0.5 3 4 0 0 2
0 0 0.1 96 0.887 0 0 0 0 -5 6 3 0 99 0 0 0.5 9 4 0 1 2
0 0 0.1 96 0.883 0 0 0 0 0 6 0 0 99 0 0 0.5 3 4 0 0 2
0 0 0.1 84 0.857 0 0 0 0 -5 6 3 0 99 0 0 0.5 9 4 0 1 2
0 0 0.1 84 1.035 0 0 0 0 0 6 0 0 99 0 0 0.5 3 4 0 0 2
0 0 0.1 90 0.944 0 0 0 0 -5 6 3 0 99 0 0 0.5 9 4 0 1 2
0 0 0.1 90 0.994 0 0 0 0 0 6 0 0 99 0 0 0.5 3 4 0 0 2
0 0 0.1 84 1.057 0 0 0 0 0 7 2 0 99 0 0 0.5 2 4 0 1 1
0 0 0.1 90 1.054 0 0 0 0 0 7 2 0 99 0 0 0.5 2 4 0 0 1
0 0 0.1 90 1.069 0 0 0 0 0 7 2 0 99 0 0 0.5 2 4 0 1 1
0 0 0.1 78 0.878 0 0 0 0 0 7 2 0 99 0 0 0.5 2 4 0 0 1
0 0 0.1 90 1.089 0 0 0 0 0 7 2 0 99 0 0 0.5 2 4 0 1 1
0 0 0.1 78 0.993 0 0 0 0 0 7 2 0 99 0 0 0.5 2 4 0 0 1
0 0 0.1 78 0.86 0 0 0 0 0 7 2 0 99 0 0 0.5 2 4 0 1 1
0 0 0.1 90 0.912 0 0 0 0 0 7 2 0 99 0 0 0.5 2 4 0 0 1
0 0 0.1 78 1.095 0 0 0 0 0 7 2 0 99 0 0 0.5 2 4 0 1 1
0 0 0.1 84 1.072 0 0 0 0 0 7 2 0 99 0 0 0.5 2 4 0 0 1
0 0 0.1 78 0.911 0 0 0 0 -5 6 3 0 99 0 0 0.5 9 4 0 1 1
0 0 0.1 78 1.04 0 0 0 0 0 6 0 0 99 0 0 0.5 3 4 0 0 1
0 0 0.1 102 0.991 0 0 0 0 -5 6 3 0 99 0 0 0.5 9 4 0 1 1
0 0 0.1 102 0.927 0 0 0 0 0 6 0 0 99 0 0 0.5 3 4 0 0 1
0 0 0.1 90 1.024 0 0 0 0 -5 6 3 0 99 0 0 0.5 9 4 0 1 1
0 0 0.1 90 0.934 0 0 0 0 0 6 0 0 99 0 0 0.5 3 4 0 0 1
0 0 0.1 96 0.902 0 0 0 0 -5 6 3 0 99 0 0 0.5 9 4 0 1 1
0 0 0.1 96 1.08 0 0 0 0 0 6 0 0 99 0 0 0.5 3 4 0 0 1
0 0 0.1 84 0.856 0 0 0 0 -5 6 3 0 99 0 0 0.5 9 4 0 1 1
0 0 0.1 84 1.091 0 0 0 0 0 6 0 0 99 0 0 0.5 3 4 0 0 1
0 0 0.1 102 0.896 0 0 0 0 0 7 2 0 99 0 0 0.5 2 4 1 1 2
0 0 0.1 90 1.039 0 0 0 0 0 7 2 0 99 0 0 0.5 2 4 0 0 2
0 0 0.1 102 0.923 0 0 0 0 0 7 2 0 99 0 0 0.5 2 4 0 1 2
0 0 0.1 96 1.067 0 0 0 0 0 7 2 0 99 0 0 0.5 2 4 0 0 2
0 0 0.1 96 0.951 0 0 0 0 0 7 2 0 99 0 0 0.5 2 4 0 1 2
0 0 0.1 78 0.994 0 0 0 0 0 7 2 0 99 0 0 0.5 2 4 0 0 2
0 0 0.1 96 0.938 0 0 0 0 0 7 2 0 99 0 0 0.5 2 4 0 1 2
0 0 0.1 96 1.018 0 0 0 0 0 7 2 0 99 0 0 0.5 2 4 0 0 2
0 0 0.1 90 0.857 0 0 0 0 0 7 2 0 99 0 0 0.5 2 4 0 1 2
0 0 0.1 90 0.951 0 0 0 0 0 7 2 0 99 0 0 0.5 2 4 0 0 2
0 0 0.1 90 0.9 0 0 0 0 5 6 3 0 99 0 0 0.5 9 4 0 1 2
0 0 0.1 84 1.065 0 0 0 0 0 6 0 0 99 0 0 0.5 3 4 0 0 2
0 0 0.1 84 1.093 0 0 0 0 5 6 3 0 99 0 0 0.5 9 4 0 1 2
0 0 0.1 78 0.931 0 0 0 0 0 6 0 0 99 0 0 0.5 3 4 0 0 2
0 0 0.1 78 1.034 0 0 0 0 5 6 3 0 99 0 0 0.5 9 4 0 1 2
0 0 0.1 102 0.936 0 0 0 0 0 6 0 0 99 0 0 0.5 3 4 0 0 2
0 0 0.1 102 1.095 0 0 0 0 5 6 3 0 99 0 0 0.5 9 4 0 1 2
0 0 0.1 78 0.95 0 0 0 0 0 6 0 0 99 0 0 0.5 3 4 0 0 2
0 0 0.1 78 0.945 0 0 0 0 5 6 3 0 99 0 0 0.5 9 4 0 1 2
0 0 0.1 96 0.991 0 0 0 0 0 6 0 0 99 0 0 0.5 3 4 0 0 2
0 0 0.1 84 0.966 0 0 0 0 0 7 2 0 99 0 0 0.5 2 4 0 1 3
0 0 0.1 84 0.9 0 0 0 0 0 7 2 0 99 0 0 0.5 2 4 0 0 3
0 0 0.1 84 0.957 0 0 0 0 0 7 2 0 99 0 0 0.5 2 4 0 1 3
0 0 0.1 96 0.874 0 0 0 0 0 7 2 0 99 0 0 0.5 2 4 0 0 3
0 0 0.1 102 0.879 0 0 0 0 0 7 2 0 99 0 0 0.5 2 4 0 1 3
0 0 0.1 90 0.961 0 0 0 0 0 7 2 0 99 0 0 0.5 2 4 0 0 3
0 0 0.1 102 0.901 0 0 0 0 0 7 2 0 99 0 0 0.5 2 4 0 1 3
0 0 0.1 78 0.957 0 0 0 0 0 7 2 0 99 0 0 0.5 2 4 0 0 3
0 0 0.1 78 1.096 0 0 0 0 0 7 2 0 99 0 0 0.5 2 4 0 1 3
0 0 0.1 102 1.058 0 0 0 0 0 7 2 0 99 0 0 0.5 2 4 0 0 3
0 0 0.1 78 0.922 0 0 0 0 5 6 3 0 99 0 0 0.5 9 4 0 1 3
0 0 0.1 96 0.999 0 0 0 0 0 6 0 0 99 0 0 0.5 3 4 0 0 3
0 0 0.1 96 1.075 0 0 0 0 5 6 3 0 99 0 0 0.5 9 4 0 1 3
0 0 0.1 90 0.964 0 0 0 0 0 6 0 0 99 0 0 0.5 3 4 0 0 3
0 0 0.1 90 0.887 0 0 0 0 5 6 3 0 99 0 0 0.5 9 4 0 1 3
0 0 0.1 78 0.883 0 0 0 0 0 6 0 0 99 0 0 0.5 3 4 0 0 3
0 0 0.1 78 0.857 0 0 0 0 5 6 3 0 99 0 0 0.5 9 4 0 1 3
0 0 0.1 90 1.035 0 0 0 0 0 6 0 0 99 0 0 0.5 3 4 0 0 3
0 0 0.1 90 0.944 0 0 0 0 5 6 3 0 99 0 0 0.5 9 4 0 1 3
0 0 0.1 102 0.994 0 0 0 0 0 6 0 0 99 0 0 0.5 3 4 0 0 3
0 0 0.1 96 1.057 0 0 0 0 0 7 2 0 99 0 0 0.5 2 4 0 1 1
0 0 0.1 90 1.054 0 0 0 0 0 7 2 0 99 0 0 0.5 2 4 0 0 1
0 0 0.1 96 1.069 0 0 0 0 0 7 2 0 99 0 0 0.5 2 4 0 1 1
0 0 0.1 78 0.878 0 0 0 0 0 7 2 0 99 0 0 0.5 2 4 0 0 1
0 0 0.1 102 1.089 0 0 0 0 0 7 2 0 99 0 0 0.5 2 4 0 1 1
0 0 0.1 78 0.993 0 0 0 0 0 7 2 0 99 0 0 0.5 2 4 0 0 1
0 0 0.1 102 0.86 0 0 0 0 0 7 2 0 99 0 0 0.5 2 4 0 1 1
0 0 0.1 90 0.912 0 0 0 0 0 7 2 0 99 0 0 0.5 2 4 0 0 1
0 0 0.1 84 1.095 0 0 0 0 0 7 2 0 99 0 0 0.5 2 4 0 1 1
0 0 0.1 84 1.072 0 0 0 0 0 7 2 0 99 0 0 0.5 2 4 0 0 1
0 0 0.1 84 0.911 0 0 0 0 5 6 3 0 99 0 0 0.5 9 4 0 1 1
0 0 0.1 90 1.04 0 0 0 0 0 6 0 0 99 0 0 0.5 3 4 0 0 1
0 0 0.1 90 0.991 0 0 0 0 5 6 3 0 99 0 0 0.5 9 4 0 1 1
0 0 0.1 78 0.927 0 0 0 0 0 6 0 0 99 0 0 0.5 3 4 0 0 1
0 0 0.1 78 1.024 0 0 0 0 5 6 3 0 99 0 0 0.5 9 4 0 1 1
0 0 0.1 78 0.934 0 0 0 0 0 6 0 0 99 0 0 0.5 3 4 0 0 1
0 0 0.1 78 0.902 0 0 0 0 5 6 3 0 99 0 0 0.5 9 4 0 1 1
0 0 0.1 102 1.08 0 0 0 0 0 6 0 0 99 0 0 0.5 3 4 0 0 1
0 0 0.1 102 0.856 0 0 0 0 5 6 3 0 99 0 0 0.5 9 4 0 1 1
0 0 0.1 90 1.091 0 0 0 0 0 6 0 0 99 0 0 0.5 3 4 0 0 1
0 0 0.1 96 0.896 0 0 0 0 0 7 2 0 99 0 0 0.5 2 4 1 1 2
0 0 0.1 90 1.039 0 0 0 0 0 7 2 0 99 0 0 0.5 2 4 0 0 2
0 0 0.1 84 0.923 0 0 0 0 0 7 2 0 99 0 0 0.5 2 4 0 1 2
0 0 0.1 96 1.067 0 0 0 0 0 7 2 0 99 0 0 0.5 2 4 0 0 2
0 0 0.1 84 0.951 0 0 0 0 0 7 2 0 99 0 0 0.5 2 4 0 1 2
0 0 0.1 78 0.994 0 0 0 0 0 7 2 0 99 0 0 0.5 2 4 0 0 2
0 0 0.1 90 0.938 0 0 0 0 0 7 2 0 99 0 0 0.5 2 4 0 1 2
0 0 0.1 96 1.018 0 0 0 0 0 7 2 0 99 0 0 0.5 2 4 0 0 2
0 0 0.1 90 0.857 0 0 0 0 0 7 2 0 99 0 0 0.5 2 4 0 1 2
0 0 0.1 90 0.951 0 0 0 0 0 7 2 0 99 0 0 0.5 2 4 0 0 2
0 0 0.1 102 0.9 0 0 0 0 -5 6 3 0 99 0 0 0.5 9 4 0 1 2
0 0 0.1 102 1.065 0 0 0 0 0 6 0 0 99 0 0 0.5 3 4 0 0 2
0 0 0.1 96 1.093 0 0 0 0 -5 6 3 0 99 0 0 0.5 9 4 0 1 2
0 0 0.1 96 0.931 0 0 0 0 0 6 0 0 99 0 0 0.5 3 4 0 0 2
0 0 0.1 90 1.034 0 0 0 0 -5 6 3 0 99 0 0 0.5 9 4 0 1 2
0 0 0.1 90 0.936 0 0 0 0 0 6 0 0 99 0 0 0.5 3 4 0 0 2
0 0 0.1 84 1.095 0 0 0 0 -5 6 3 0 99 0 0 0.5 9 4 0 1 2
0 0 0.1 84 0.95 0 0 0 0 0 6 0 0 99 0 0 0.5 3 4 0 0 2
0 0 0.1 78 0.945 0 0 0 0 -5 6 3 0 99 0 0 0.5 9 4 0 1 2
0 0 0.1 78 0.991 0 0 0 0 0 6 0 0 99 0 0 0.5 3 4 0 0 2
0 0 0.1 102 0.966 0 0 0 0 0 7 2 0 99 0 0 0.5 2 4 0 1 3
0 0 0.1 84 0.9 0 0 0 0 0 7 2 0 99 0 0 0.5 2 4 0 0 3
0 0 0.1 96 0.957 0 0 0 0 0 7 2 0 99 0 0 0.5 2 4 0 1 3
0 0 0.1 96 0.874 0 0 0 0 0 7 2 0 99 0 0 0.5 2 4 0 0 3
0 0 0.1 96 0.879 0 0 0 0 0 7 2 0 99 0 0 0.5 2 4 0 1 3
0 0 0.1 90 0.961 0 0 0 0 0 7 2 0 99 0 0 0.5 2 4 0 0 3
0 0 0.1 84 0.901 0 0 0 0 0 7 2 0 99 0 0 0.5 2 4 0 1 3
0 0 0.1 78 0.957 0 0 0 0 0 7 2 0 99 0 0 0.5 2 4 0 0 3
0 0 0.1 84 1.096 0 0 0 0 0 7 2 0 99 0 0 0.5 2 4 0 1 3
0 0 0.1 102 1.058 0 0 0 0 0 7 2 0 99 0 0 0.5 2 4 0 0 3
0 0 0.1 84 0.922 0 0 0 0 -5 6 3 0 99 0 0 0.5 9 4 0 1 3
0 0 0.1 84 0.999 0 0 0 0 0 6 0 0 99 0 0 0.5 3 4 0 0 3
0 0 0.1 102 1.075 0 0 0 0 -5 6 3 0 99 0 0 0.5 9 4 0 1 3
0 0 0.1 102 0.964 0 0 0 0 0 6 0 0 99 0 0 0.5 3 4 0 0 3
0 0 0.1 78 0.887 0 0 0 0 -5 6 3 0 99 0 0 0.5 9 4 0 1 3
0 0 0.1 78 0.883 0 0 0 0 0 6 0 0 99 0 0 0.5 3 4 0 0 3
0 0 0.1 96 0.857 0 0 0 0 -5 6 3 0 99 0 0 0.5 9 4 0 1 3
0 0 0.1 96 1.035 0 0 0 0 0 6 0 0 99 0 0 0.5 3 4 0 0 3
0 0 0.1 90 0.944 0 0 0 0 -5 6 3 0 99 0 0 0.5 9 4 0 1 3
0 0 0.1 90 0.994 0 0 0 0 0 6 0 0 99 0 0 0.5 3 4 0 0 3
0 0 0.1 90 1.057 0 0 0 0 0 7 2 0 99 0 0 0.5 2 4 0 1 1
0 0 0.1 90 1.054 0 0 0 0 0 7 2 0 99 0 0 0.5 2 4 0 0 1
0 0 0.1 96 1.069 0 0 0 0 0 7 2 0 99 0 0 0.5 2 4 0 1 1
0 0 0.1 78 0.878 0 0 0 0 0 7 2 0 99 0 0 0.5 2 4 0 0 1
0 0 0.1 96 1.089 0 0 0 0 0 7 2 0 99 0 0 0.5 2 4 0 1 1
0 0 0.1 78 0.993 0 0 0 0 0 7 2 0 99 0 0 0.5 2 4 0 0 1
0 0 0.1 84 0.86 0 0 0 0 0 7 2 0 99 0 0 0.5 2 4 0 1 1
0 0 0.1 90 0.912 0 0 0 0 0 7 2 0 99 0 0 0.5 2 4 0 0 1
0 0 0.1 84 1.095 0 0 0 0 0 7 2 0 99 0 0 0.5 2 4 0 1 1
0 0 0.1 84 1.072 0 0 0 0 0 7 2 0 99 0 0 0.5 2 4 0 0 1
0 0 0.1 96 0.911 0 0 0 0 -5 6 3 0 99 0 0 0.5 9 4 0 1 1
0 0 0.1 96 1.04 0 0 0 0 0 6 0 0 99 0 0 0.5 3 4 0 0 1
0 0 0.1 102 0.991 0 0 0 0 -5 6 3 0 99 0 0 0.5 9 4 0 1 1
0 0 0.1 102 0.927 0 0 0 0 0 6 0 0 99 0 0 0.5 3 4 0 0 1
0 0 0.1 84 1.024 0 0 0 0 -5 6 3 0 99 0 0 0.5 9 4 0 1 1
0 0 0.1 84 0.934 0 0 0 0 0 6 0 0 99 0 0 0.5 3 4 0 0 1
0 0 0.1 90 0.902 0 0 0 0 -5 6 3 0 99 0 0 0.5 9 4 0 1 1
0 0 0.1 90 1.08 0 0 0 0 0 6 0 0 99 0 0 0.5 3 4 0 0 1
0 0 0.1 78 0.856 0 0 0 0 -5 6 3 0 99 0 0 0.5 9 4 0 1 1
0 0 0.1 78 1.091 0 0 0 0 0 6 0 0 99 0 0 0.5 3 4 0 0 1
