0 0 0.1 75 0.711 0 0 0 0 0 0 1 0 0 0 0 1 1 0
0 0 0.1 75 1.022 0 0 0 0 0 0 1 0 0 0 0 1 1 0
0 0 0.1 75 0.944 0 0 0 0 0 0 1 0 0 0 0 1 1 0
0 0 0.1 75 0.701 0 0 0 0 0 0 1 0 0 0 0 1 1 0
0 0 0.1 75 1.167 0 0 0 0 0 0 1 0 0 0 0 1 1 0
0 0 0.1 75 1.167 0 0 0 0 0 0 1 0 0 0 0 1 1 0
0 0 0.1 75 0.678 0 0 0 0 0 0 1 0 0 0 0 1 1 0
0 0 0.1 75 1.101 0 0 0 0 0 0 1 0 0 0 0 1 1 0
0 0 0.1 75 0.881 0 0 0 0 0 0 1 0 0 0 0 1 1 0
0 0 0.1 75 0.93 0 0 0 0 0 0 1 0 0 0 0 1 1 0
0 0 0.1 75 0.932 0 0 0 0 0 0 1 0 0 0 0 1 1 0
0 0 0.1 75 0.744 0 0 0 0 0 0 1 0 0 0 0 1 1 0
0 0 0.1 75 1.057 0 0 0 0 0 0 1 0 0 0 0 1 1 0
0 0 0.1 75 0.709 0 0 0 0 0 0 1 0 0 0 0 1 1 0
0 0 0.1 75 0.844 0 0 0 0 0 0 1 0 0 0 0 1 1 0
0 0 0.1 75 1.113 0 0 0 0 0 0 1 0 0 0 0 1 1 0
0 0 0.1 75 1.186 0 0 0 0 0 0 1 0 0 0 0 1 1 0
0 0 0.1 75 0.736 0 0 0 0 0 0 1 0 0 0 0 1 1 0
0 0 0.1 75 0.867 0 0 0 0 0 0 1 0 0 0 0 1 1 0
0 0 0.1 75 0.645 0 0 0 0 0 0 1 0 0 0 0 1 1 0
0 0 0.1 75 0.998 0 0 0 0 0 0 1 0 0 0 0 1 1 0
0 0 0.1 75 0.833 0 0 0 0 0 0 1 0 0 0 0 1 1 0
0 0 0.1 75 1.103 0 0 0 0 0 0 1 0 0 0 0 1 1 0
0 0 0.1 75 0.691 0 0 0 0 0 0 1 0 0 0 0 1 1 0
0 0 0.1 75 0.809 0 0 0 0 0 0 1 0 0 0 0 1 1 0
0 0 0.1 75 0.894 0 0 0 0 0 0 1 0 0 0 0 1 1 0
0 0 0.1 75 0.69 0 0 0 0 0 0 1 0 0 0 0 1 1 0
0 0 0.1 75 0.815 0 0 0 0 0 0 1 0 0 0 0 1 1 0
0 0 0.1 75 1.178 0 0 0 0 0 0 1 0 0 0 0 1 1 0
0 0 0.1 75 0.68 0 0 0 0 0 0 1 0 0 0 0 1 1 0
0 0 0.1 90 0.607 0 0 0 0 0 0 1 0 0 0 0 1 1 0
0 0 0.1 90 0.699 0 0 0 0 0 0 1 0 0 0 0 1 1 0
0 0 0.1 90 1.087 0 0 0 0 0 0 1 0 0 0 0 1 1 0
0 0 0.1 90 1.122 0 0 0 0 0 0 1 0 0 0 0 1 1 0
0 0 0.1 90 0.909 0 0 0 0 0 0 1 0 0 0 0 1 1 0
0 0 0.1 90 0.977 0 0 0 0 0 0 1 0 0 0 0 1 1 0
0 0 0.1 90 1.107 0 0 0 0 0 0 1 0 0 0 0 1 1 0
0 0 0.1 90 0.771 0 0 0 0 0 0 1 0 0 0 0 1 1 0
0 0 0.1 90 1.001 0 0 0 0 0 0 1 0 0 0 0 1 1 0
0 0 0.1 90 0.691 0 0 0 0 0 0 1 0 0 0 0 1 1 0
0 0 0.1 90 1.19 0 0 0 0 0 0 1 0 0 0 0 1 1 0
0 0 0.1 90 0.779 0 0 0 0 0 0 1 0 0 0 0 1 1 0
0 0 0.1 90 0.67 0 0 0 0 0 0 1 0 0 0 0 1 1 0
0 0 0.1 90 0.698 0 0 0 0 0 0 1 0 0 0 0 1 1 0
0 0 0.1 90 1.167 0 0 0 0 0 0 1 0 0 0 0 1 1 0
0 0 0.1 90 1.077 0 0 0 0 0 0 1 0 0 0 0 1 1 0
0 0 0.1 90 1.185 0 0 0 0 0 0 1 0 0 0 0 1 1 0
0 0 0.1 90 0.81 0 0 0 0 0 0 1 0 0 0 0 1 1 0
0 0 0.1 90 0.902 0 0 0 0 0 0 1 0 0 0 0 1 1 0
0 0 0.1 90 1.087 0 0 0 0 0 0 1 0 0 0 0 1 1 0
0 0 0.1 90 0.605 0 0 0 0 0 0 1 0 0 0 0 1 1 0
0 0 0.1 90 0.609 0 0 0 0 0 0 1 0 0 0 0 1 1 0
0 0 0.1 90 1.011 0 0 0 0 0 0 1 0 0 0 0 1 1 0
0 0 0.1 90 1.158 0 0 0 0 0 0 1 0 0 0 0 1 1 0
0 0 0.1 90 0.766 0 0 0 0 0 0 1 0 0 0 0 1 1 0
0 0 0.1 90 1.088 0 0 0 0 0 0 1 0 0 0 0 1 1 0
0 0 0.1 90 1.072 0 0 0 0 0 0 1 0 0 0 0 1 1 0
0 0 0.1 90 1.194 0 0 0 0 0 0 1 0 0 0 0 1 1 0
0 0 0.1 90 0.969 0 0 0 0 0 0 1 0 0 0 0 1 1 0
0 0 0.1 90 1.027 0 0 0 0 0 0 1 0 0 0 0 1 1 0
0 0 0.1 105 1.063 0 0 0 0 0 0 1 0 0 0 0 1 1 0
0 0 0.1 105 1.133 0 0 0 0 0 0 1 0 0 0 0 1 1 0
0 0 0.1 105 0.976 0 0 0 0 0 0 1 0 0 0 0 1 1 0
0 0 0.1 105 0.757 0 0 0 0 0 0 1 0 0 0 0 1 1 0
0 0 0.1 105 1.116 0 0 0 0 0 0 1 0 0 0 0 1 1 0
0 0 0.1 105 0.863 0 0 0 0 0 0 1 0 0 0 0 1 1 0
0 0 0.1 105 0.833 0 0 0 0 0 0 1 0 0 0 0 1 1 0
0 0 0.1 105 0.877 0 0 0 0 0 0 1 0 0 0 0 1 1 0
0 0 0.1 105 0.732 0 0 0 0 0 0 1 0 0 0 0 1 1 0
0 0 0.1 105 0.64 0 0 0 0 0 0 1 0 0 0 0 1 1 0
0 0 0.1 105 0.766 0 0 0 0 0 0 1 0 0 0 0 1 1 0
0 0 0.1 105 0.787 0 0 0 0 0 0 1 0 0 0 0 1 1 0
0 0 0.1 105 0.626 0 0 0 0 0 0 1 0 0 0 0 1 1 0
0 0 0.1 105 0.711 0 0 0 0 0 0 1 0 0 0 0 1 1 0
0 0 0.1 105 0.711 0 0 0 0 0 0 1 0 0 0 0 1 1 0
0 0 0.1 105 1.054 0 0 0 0 0 0 1 0 0 0 0 1 1 0
0 0 0.1 105 0.773 0 0 0 0 0 0 1 0 0 0 0 1 1 0
0 0 0.1 105 1.121 0 0 0 0 0 0 1 0 0 0 0 1 1 0
0 0 0.1 105 0.842 0 0 0 0 0 0 1 0 0 0 0 1 1 0
0 0 0.1 105 0.944 0 0 0 0 0 0 1 0 0 0 0 1 1 0
0 0 0.1 105 0.811 0 0 0 0 0 0 1 0 0 0 0 1 1 0
0 0 0.1 105 1.004 0 0 0 0 0 0 1 0 0 0 0 1 1 0
0 0 0.1 105 0.616 0 0 0 0 0 0 1 0 0 0 0 1 1 0
0 0 0.1 105 0.841 0 0 0 0 0 0 1 0 0 0 0 1 1 0
0 0 0.1 105 0.72 0 0 0 0 0 0 1 0 0 0 0 1 1 0
0 0 0.1 105 1.114 0 0 0 0 0 0 1 0 0 0 0 1 1 0
0 0 0.1 105 1.183 0 0 0 0 0 0 1 0 0 0 0 1 1 0
0 0 0.1 105 0.795 0 0 0 0 0 0 1 0 0 0 0 1 1 0
0 0 0.1 105 1.04 0 0 0 0 0 0 1 0 0 0 0 1 1 0
0 0 0.1 105 0.805 0 0 0 0 0 0 1 0 0 0 0 1 1 0
