0 0 0.1 85 0.924 0 0 0 0 0 0 2 0 0 0 0 1 1 0
0 0 0.1 85 1.18 0 0 0 0 0 0 2 0 0 0 0 1 1 0
0 0 0.1 85 0.661 0 0 0 0 0 0 2 0 0 0 0 1 1 0
0 0 0.1 95 0.755 0 0 0 0 0 0 2 0 0 0 0 1 1 0
0 0 0.1 90 1.138 0 0 0 0 0 0 2 0 0 0 0 1 1 0
0 0 0.1 90 0.833 0 0 0 0 0 0 2 0 0 0 0 1 1 0
0 0 0.1 90 1.077 0 0 0 0 0 0 2 0 0 0 0 1 1 0
0 0 0.1 95 0.81 0 0 0 0 0 0 2 0 0 0 0 1 1 0
0 0 0.1 95 0.684 0 0 0 0 0 0 2 0 0 0 0 1 1 0
0 0 0.1 85 0.991 0 0 0 0 0 0 2 0 0 0 0 1 1 0
0 0 0.1 90 0.927 0 0 0 0 0 0 2 0 0 0 0 1 1 0
0 0 0.1 90 1.168 0 0 0 0 0 0 2 0 0 0 0 1 1 0
0 0 0.1 95 0.944 0 0 0 0 0 0 2 0 0 0 0 1 1 0
0 0 0.1 90 1.173 0 0 0 0 0 0 2 0 0 0 0 1 1 0
0 0 0.1 95 1.069 0 0 0 0 0 0 2 0 0 0 0 1 1 0
0 0 0.1 90 0.671 0 0 0 0 7 0 2 0 0 0 0 1 1 0
0 0 0.1 95 1.103 0 0 0 0 7 0 2 0 0 0 0 1 1 0
0 0 0.1 85 0.653 0 0 0 0 7 0 2 0 0 0 0 1 1 0
0 0 0.1 85 1.05 0 0 0 0 7 0 2 0 0 0 0 1 1 0
0 0 0.1 95 0.64 0 0 0 0 7 0 2 0 0 0 0 1 1 0
0 0 0.1 85 0.647 0 0 0 0 7 0 2 0 0 0 0 1 1 0
0 0 0.1 95 0.664 0 0 0 0 7 0 2 0 0 0 0 1 1 0
0 0 0.1 95 0.845 0 0 0 0 7 0 2 0 0 0 0 1 1 0
0 0 0.1 85 1.185 0 0 0 0 7 0 2 0 0 0 0 1 1 0
0 0 0.1 90 0.699 0 0 0 0 7 0 2 0 0 0 0 1 1 0
0 0 0.1 85 0.902 0 0 0 0 7 0 2 0 0 0 0 1 1 0
0 0 0.1 85 0.721 0 0 0 0 7 0 2 0 0 0 0 1 1 0
0 0 0.1 95 0.72 0 0 0 0 7 0 2 0 0 0 0 1 1 0
0 0 0.1 95 0.707 0 0 0 0 7 0 2 0 0 0 0 1 1 0
0 0 0.1 95 0.765 0 0 0 0 7 0 2 0 0 0 0 1 1 0
0 0 0.1 90 0.679 0 0 0 0 7 0 2 0 0 0 0 1 1 0
0 0 0.1 95 1.116 0 0 0 0 7 0 2 0 0 0 0 1 1 0
0 0 0.1 95 0.988 0 0 0 0 7 0 2 0 0 0 0 1 1 0
0 0 0.1 90 0.962 0 0 0 0 7 0 2 0 0 0 0 1 1 0
0 0 0.1 85 1.184 0 0 0 0 7 0 2 0 0 0 0 1 1 0
0 0 0.1 90 0.826 0 0 0 0 7 0 2 0 0 0 0 1 1 0
0 0 0.1 85 1.092 0 0 0 0 7 0 2 0 0 0 0 1 1 0
0 0 0.1 85 0.737 0 0 0 0 7 0 2 0 0 0 0 1 1 0
0 0 0.1 85 0.724 0 0 0 0 7 0 2 0 0 0 0 1 1 0
0 0 0.1 85 0.717 0 0 0 0 7 0 2 0 0 0 0 1 1 0
0 0 0.1 95 0.745 0 0 0 0 7 0 2 0 0 0 0 1 1 0
0 0 0.1 90 1.188 0 0 0 0 7 0 2 0 0 0 0 1 1 0
0 0 0.1 95 0.915 0 0 0 0 7 0 2 0 0 0 0 1 1 0
0 0 0.1 95 1.096 0 0 0 0 7 0 2 0 0 0 0 1 1 0
0 0 0.1 95 1.003 0 0 0 0 7 0 2 0 0 0 0 1 1 0
0 0 0.1 85 1.187 0 0 0 0 0 0 2 0 0 0 0 1 1 0
0 0 0.1 95 0.635 0 0 0 0 0 0 2 0 0 0 0 1 1 0
0 0 0.1 85 0.803 0 0 0 0 0 0 2 0 0 0 0 1 1 0
0 0 0.1 95 0.608 0 0 0 0 0 0 2 0 0 0 0 1 1 0
0 0 0.1 90 0.818 0 0 0 0 0 0 2 0 0 0 0 1 1 0
0 0 0.1 90 0.726 0 0 0 0 0 0 2 0 0 0 0 1 1 0
0 0 0.1 90 0.692 0 0 0 0 0 0 2 0 0 0 0 1 1 0
0 0 0.1 90 1.162 0 0 0 0 0 0 2 0 0 0 0 1 1 0
0 0 0.1 85 0.841 0 0 0 0 0 0 2 0 0 0 0 1 1 0
0 0 0.1 90 0.892 0 0 0 0 0 0 2 0 0 0 0 1 1 0
0 0 0.1 90 1.009 0 0 0 0 0 0 2 0 0 0 0 1 1 0
0 0 0.1 85 1.113 0 0 0 0 0 0 2 0 0 0 0 1 1 0
0 0 0.1 90 1.148 0 0 0 0 0 0 2 0 0 0 0 1 1 0
0 0 0.1 90 0.886 0 0 0 0 0 0 2 0 0 0 0 1 1 0
0 0 0.1 90 1.029 0 0 0 0 0 0 2 0 0 0 0 1 1 0
0 0 0.1 95 1.098 0 0 0 0 0 0 2 0 0 0 0 1 1 0
0 0 0.1 95 1.006 0 0 0 0 0 0 2 0 0 0 0 1 1 0
0 0 0.1 85 0.804 0 0 0 0 0 0 2 0 0 0 0 1 1 0
0 0 0.1 90 1.135 0 0 0 0 0 0 2 0 0 0 0 1 1 0
0 0 0.1 95 0.918 0 0 0 0 0 0 2 0 0 0 0 1 1 0
0 0 0.1 90 1.125 0 0 0 0 0 0 2 0 0 0 0 1 1 0
0 0 0.1 85 0.756 0 0 0 0 0 0 2 0 0 0 0 1 1 0
0 0 0.1 85 0.926 0 0 0 0 0 0 2 0 0 0 0 1 1 0
0 0 0.1 95 0.73 0 0 0 0 0 0 2 0 0 0 0 1 1 0
0 0 0.1 90 0.731 0 0 0 0 0 0 2 0 0 0 0 1 1 0
0 0 0.1 90 0.885 0 0 0 0 0 0 2 0 0 0 0 1 1 0
0 0 0.1 85 1.136 0 0 0 0 0 0 2 0 0 0 0 1 1 0
0 0 0.1 95 0.782 0 0 0 0 0 0 2 0 0 0 0 1 1 0
0 0 0.1 90 0.934 0 0 0 0 0 0 2 0 0 0 0 1 1 0
0 0 0.1 90 1.054 0 0 0 0 0 0 2 0 0 0 0 1 1 0
0 0 0.1 85 1.174 0 0 0 0 -7 0 2 0 0 0 0 1 1 0
0 0 0.1 85 1.173 0 0 0 0 -7 0 2 0 0 0 0 1 1 0
0 0 0.1 85 0.801 0 0 0 0 -7 0 2 0 0 0 0 1 1 0
0 0 0.1 90 0.911 0 0 0 0 -7 0 2 0 0 0 0 1 1 0
0 0 0.1 90 0.689 0 0 0 0 -7 0 2 0 0 0 0 1 1 0
0 0 0.1 90 0.815 0 0 0 0 -7 0 2 0 0 0 0 1 1 0
0 0 0.1 90 1.023 0 0 0 0 -7 0 2 0 0 0 0 1 1 0
0 0 0.1 85 0.649 0 0 0 0 -7 0 2 0 0 0 0 1 1 0
0 0 0.1 95 0.751 0 0 0 0 -7 0 2 0 0 0 0 1 1 0
0 0 0.1 85 0.631 0 0 0 0 -7 0 2 0 0 0 0 1 1 0
0 0 0.1 85 1.044 0 0 0 0 -7 0 2 0 0 0 0 1 1 0
0 0 0.1 90 0.609 0 0 0 0 -7 0 2 0 0 0 0 1 1 0
0 0 0.1 95 0.626 0 0 0 0 -7 0 2 0 0 0 0 1 1 0
0 0 0.1 90 0.77 0 0 0 0 -7 0 2 0 0 0 0 1 1 0
0 0 0.1 85 0.625 0 0 0 0 -7 0 2 0 0 0 0 1 1 0
0 0 0.1 85 0.98 0 0 0 0 -7 0 2 0 0 0 0 1 1 0
0 0 0.1 85 1.053 0 0 0 0 -7 0 2 0 0 0 0 1 1 0
0 0 0.1 95 0.631 0 0 0 0 -7 0 2 0 0 0 0 1 1 0
0 0 0.1 95 0.978 0 0 0 0 -7 0 2 0 0 0 0 1 1 0
0 0 0.1 85 0.815 0 0 0 0 -7 0 2 0 0 0 0 1 1 0
0 0 0.1 85 1.085 0 0 0 0 -7 0 2 0 0 0 0 1 1 0
0 0 0.1 95 1.003 0 0 0 0 -7 0 2 0 0 0 0 1 1 0
0 0 0.1 85 0.614 0 0 0 0 -7 0 2 0 0 0 0 1 1 0
0 0 0.1 95 1.014 0 0 0 0 -7 0 2 0 0 0 0 1 1 0
0 0 0.1 85 1.133 0 0 0 0 -7 0 2 0 0 0 0 1 1 0
0 0 0.1 95 0.923 0 0 0 0 -7 0 2 0 0 0 0 1 1 0
0 0 0.1 90 1.132 0 0 0 0 -7 0 2 0 0 0 0 1 1 0
0 0 0.1 90 1.149 0 0 0 0 -7 0 2 0 0 0 0 1 1 0
0 0 0.1 90 1.11 0 0 0 0 -7 0 2 0 0 0 0 1 1 0
0 0 0.1 95 0.777 0 0 0 0 -7 0 2 0 0 0 0 1 1 0
0 0 0.1 85 1.071 0 0 0 0 0 0 2 0 0 0 0 1 1 0
0 0 0.1 95 0.897 0 0 0 0 0 0 2 0 0 0 0 1 1 0
0 0 0.1 95 1.19 0 0 0 0 0 0 2 0 0 0 0 1 1 0
0 0 0.1 85 0.746 0 0 0 0 0 0 2 0 0 0 0 1 1 0
0 0 0.1 95 0.644 0 0 0 0 0 0 2 0 0 0 0 1 1 0
0 0 0.1 95 0.739 0 0 0 0 0 0 2 0 0 0 0 1 1 0
0 0 0.1 90 0.768 0 0 0 0 0 0 2 0 0 0 0 1 1 0
0 0 0.1 90 1.183 0 0 0 0 0 0 2 0 0 0 0 1 1 0
0 0 0.1 90 0.996 0 0 0 0 0 0 2 0 0 0 0 1 1 0
0 0 0.1 90 1.003 0 0 0 0 0 0 2 0 0 0 0 1 1 0
0 0 0.1 85 0.726 0 0 0 0 0 0 2 0 0 0 0 1 1 0
0 0 0.1 95 1.195 0 0 0 0 0 0 2 0 0 0 0 1 1 0
0 0 0.1 95 0.921 0 0 0 0 0 0 2 0 0 0 0 1 1 0
0 0 0.1 95 0.945 0 0 0 0 0 0 2 0 0 0 0 1 1 0
0 0 0.1 85 1.064 0 0 0 0 0 0 2 0 0 0 0 1 1 0
