0 0 0.1 75 1.132 0 0 0 0 0 0 1 0 0 0 0 1 1 0
0 0 0.1 75 0.745 0 0 0 0 0 0 1 0 0 0 0 1 1 0
0 0 0.1 75 1.055 0 0 0 0 0 0 1 0 0 0 0 1 1 0
0 0 0.1 105 0.938 0 0 0 0 0 0 1 0 0 0 0 1 1 0
0 0 0.1 90 0.784 0 0 0 0 0 0 1 0 0 0 0 1 1 0
0 0 0.1 90 1.017 0 0 0 0 0 0 1 0 0 0 0 1 1 0
0 0 0.1 90 0.802 0 0 0 0 0 0 1 0 0 0 0 1 1 0
0 0 0.1 105 0.724 0 0 0 0 0 0 1 0 0 0 0 1 1 0
0 0 0.1 75 1.152 0 0 0 0 0 0 1 0 0 0 0 1 1 0
0 0 0.1 90 0.614 0 0 0 0 0 0 1 0 0 0 0 1 1 0
0 0 0.1 90 1.179 0 0 0 0 0 0 1 0 0 0 0 1 1 0
0 0 0.1 105 0.79 0 0 0 0 0 0 1 0 0 0 0 1 1 0
0 0 0.1 90 1 0 0 0 0 0 0 1 0 0 0 0 1 1 0
0 0 0.1 105 0.921 0 0 0 0 0 0 1 0 0 0 0 1 1 0
0 0 0.1 90 1.091 0 0 0 0 0 0 1 0 0 0 0 1 1 0
0 0 0.1 75 0.712 0 0 0 0 0 0 1 0 0 0 0 1 1 0
0 0 0.1 105 0.84 0 0 0 0 0 0 1 0 0 0 0 1 1 0
0 0 0.1 105 0.708 0 0 0 0 0 0 1 0 0 0 0 1 1 0
0 0 0.1 105 0.772 0 0 0 0 0 0 1 0 0 0 0 1 1 0
0 0 0.1 105 0.978 0 0 0 0 0 0 1 0 0 0 0 1 1 0
0 0 0.1 75 0.781 0 0 0 0 0 0 1 0 0 0 0 1 1 0
0 0 0.1 90 0.867 0 0 0 0 0 0 1 0 0 0 0 1 1 0
0 0 0.1 75 1.039 0 0 0 0 0 0 1 0 0 0 0 1 1 0
0 0 0.1 75 1.001 0 0 0 0 0 0 1 0 0 0 0 1 1 0
0 0 0.1 105 0.787 0 0 0 0 0 0 1 0 0 0 0 1 1 0
0 0 0.1 105 0.888 0 0 0 0 0 0 1 0 0 0 0 1 1 0
0 0 0.1 75 0.775 0 0 0 0 0 0 1 0 0 0 0 1 1 0
0 0 0.1 105 0.71 0 0 0 0 0 0 1 0 0 0 0 1 1 0
0 0 0.1 90 0.817 0 0 0 0 0 0 1 0 0 0 0 1 1 0
0 0 0.1 75 1.143 0 0 0 0 0 0 1 0 0 0 0 1 1 0
0 0 0.1 105 0.837 0 0 0 0 0 0 1 0 0 0 0 1 1 0
0 0 0.1 105 1.068 0 0 0 0 0 0 1 0 0 0 0 1 1 0
0 0 0.1 105 0.771 0 0 0 0 0 0 1 0 0 0 0 1 1 0
0 0 0.1 90 1.113 0 0 0 0 0 0 1 0 0 0 0 1 1 0
0 0 0.1 90 0.704 0 0 0 0 0 0 1 0 0 0 0 1 1 0
0 0 0.1 105 0.648 0 0 0 0 0 0 1 0 0 0 0 1 1 0
0 0 0.1 90 0.776 0 0 0 0 0 0 1 0 0 0 0 1 1 0
0 0 0.1 75 1.105 0 0 0 0 0 0 1 0 0 0 0 1 1 0
0 0 0.1 90 1.168 0 0 0 0 0 0 1 0 0 0 0 1 1 0
0 0 0.1 75 0.627 0 0 0 0 0 0 1 0 0 0 0 1 1 0
0 0 0.1 90 1.056 0 0 0 0 0 0 1 0 0 0 0 1 1 0
0 0 0.1 105 0.779 0 0 0 0 0 0 1 0 0 0 0 1 1 0
0 0 0.1 90 0.991 0 0 0 0 0 0 1 0 0 0 0 1 1 0
0 0 0.1 105 0.651 0 0 0 0 0 0 1 0 0 0 0 1 1 0
0 0 0.1 105 1.186 0 0 0 0 0 0 1 0 0 0 0 1 1 0
0 0 0.1 105 0.609 0 0 0 0 0 0 1 0 0 0 0 1 1 0
0 0 0.1 90 0.924 0 0 0 0 0 0 1 0 0 0 0 1 1 0
0 0 0.1 75 1.18 0 0 0 0 0 0 1 0 0 0 0 1 1 0
0 0 0.1 105 0.661 0 0 0 0 0 0 1 0 0 0 0 1 1 0
0 0 0.1 75 0.755 0 0 0 0 0 0 1 0 0 0 0 1 1 0
0 0 0.1 75 1.138 0 0 0 0 0 0 1 0 0 0 0 1 1 0
0 0 0.1 75 0.833 0 0 0 0 0 0 1 0 0 0 0 1 1 0
0 0 0.1 105 1.077 0 0 0 0 0 0 1 0 0 0 0 1 1 0
0 0 0.1 75 0.81 0 0 0 0 0 0 1 0 0 0 0 1 1 0
0 0 0.1 75 0.684 0 0 0 0 0 0 1 0 0 0 0 1 1 0
0 0 0.1 90 0.991 0 0 0 0 0 0 1 0 0 0 0 1 1 0
0 0 0.1 75 0.927 0 0 0 0 0 0 1 0 0 0 0 1 1 0
0 0 0.1 75 1.168 0 0 0 0 0 0 1 0 0 0 0 1 1 0
0 0 0.1 90 0.944 0 0 0 0 0 0 1 0 0 0 0 1 1 0
0 0 0.1 75 1.173 0 0 0 0 0 0 1 0 0 0 0 1 1 0
0 0 0.1 75 1.069 0 0 0 0 0 0 1 0 0 0 0 1 1 0
0 0 0.1 90 0.671 0 0 0 0 0 0 1 0 0 0 0 1 1 0
0 0 0.1 90 1.103 0 0 0 0 0 0 1 0 0 0 0 1 1 0
0 0 0.1 75 0.653 0 0 0 0 0 0 1 0 0 0 0 1 1 0
0 0 0.1 75 1.05 0 0 0 0 0 0 1 0 0 0 0 1 1 0
0 0 0.1 75 0.64 0 0 0 0 0 0 1 0 0 0 0 1 1 0
0 0 0.1 90 0.647 0 0 0 0 0 0 1 0 0 0 0 1 1 0
0 0 0.1 90 0.664 0 0 0 0 0 0 1 0 0 0 0 1 1 0
0 0 0.1 75 0.845 0 0 0 0 0 0 1 0 0 0 0 1 1 0
0 0 0.1 105 1.185 0 0 0 0 0 0 1 0 0 0 0 1 1 0
0 0 0.1 105 0.699 0 0 0 0 0 0 1 0 0 0 0 1 1 0
0 0 0.1 90 0.902 0 0 0 0 0 0 1 0 0 0 0 1 1 0
0 0 0.1 105 0.721 0 0 0 0 0 0 1 0 0 0 0 1 1 0
0 0 0.1 90 0.72 0 0 0 0 0 0 1 0 0 0 0 1 1 0
0 0 0.1 75 0.707 0 0 0 0 0 0 1 0 0 0 0 1 1 0
0 0 0.1 90 0.765 0 0 0 0 0 0 1 0 0 0 0 1 1 0
0 0 0.1 90 0.679 0 0 0 0 0 0 1 0 0 0 0 1 1 0
0 0 0.1 105 1.116 0 0 0 0 0 0 1 0 0 0 0 1 1 0
0 0 0.1 90 0.988 0 0 0 0 0 0 1 0 0 0 0 1 1 0
0 0 0.1 105 0.962 0 0 0 0 0 0 1 0 0 0 0 1 1 0
0 0 0.1 90 1.184 0 0 0 0 0 0 1 0 0 0 0 1 1 0
0 0 0.1 90 0.826 0 0 0 0 0 0 1 0 0 0 0 1 1 0
0 0 0.1 75 1.092 0 0 0 0 0 0 1 0 0 0 0 1 1 0
0 0 0.1 75 0.737 0 0 0 0 0 0 1 0 0 0 0 1 1 0
0 0 0.1 105 0.724 0 0 0 0 0 0 1 0 0 0 0 1 1 0
0 0 0.1 75 0.717 0 0 0 0 0 0 1 0 0 0 0 1 1 0
0 0 0.1 105 0.745 0 0 0 0 0 0 1 0 0 0 0 1 1 0
0 0 0.1 105 1.188 0 0 0 0 0 0 1 0 0 0 0 1 1 0
0 0 0.1 90 0.915 0 0 0 0 0 0 1 0 0 0 0 1 1 0
0 0 0.1 105 1.096 0 0 0 0 0 0 1 0 0 0 0 1 1 0
