0 0 0.1 90 0.711 0 0 0 0 0 0 2 0 0 0 0 1 1 5
0 0 0.1 90 1.022 0 0 0 0 0 0 2 0 0 0 0 1 1 5
0 0 0.1 90 0.944 0 0 0 0 0 0 2 0 0 0 0 1 1 5
0 0 0.1 90 0.701 0 0 0 0 0 0 2 0 0 0 0 1 1 5
0 0 0.1 90 1.167 0 0 0 0 0 0 2 0 0 0 0 1 1 5
0 0 0.1 90 1.167 0 0 0 0 0 0 2 0 0 0 0 1 1 5
0 0 0.1 90 0.678 0 0 0 0 0 0 2 0 0 0 0 1 1 5
0 0 0.1 90 1.101 0 0 0 0 0 0 2 0 0 0 0 1 1 5
0 0 0.1 90 0.881 0 0 0 0 0 0 2 0 0 0 0 1 1 5
0 0 0.1 90 0.93 0 0 0 0 0 0 2 0 0 0 0 1 1 5
0 0 0.1 90 0.711 0 0 0 0 -7 1 2 0 1 -20 0 1 2 4
0 0 0.1 90 1.022 0 0 0 0 0 0 0 1 1 -20 0 1 3 4
0 0 0.1 90 0.944 0 0 0 0 0 0 0 1 1 -20 0 1 3 4
0 0 0.1 90 0.701 0 0 0 0 0 0 0 1 1 -20 0 1 3 4
0 0 0.1 90 1.167 0 0 0 0 0 0 0 1 1 -20 0 1 3 4
0 0 0.1 90 1.167 0 0 0 0 7 1 2 0 1 -20 0 1 2 4
0 0 0.1 90 0.678 0 0 0 0 0 0 0 1 1 -20 0 1 3 4
0 0 0.1 90 1.101 0 0 0 0 0 0 0 1 1 -20 0 1 3 4
0 0 0.1 90 0.881 0 0 0 0 0 0 0 1 1 -20 0 1 3 4
0 0 0.1 90 0.93 0 0 0 0 0 0 0 1 1 -20 0 1 3 4
0 0 0.1 90 0.932 0 0 0 0 7 1 2 0 1 -20 0 1 2 4
0 0 0.1 90 0.744 0 0 0 0 0 0 0 1 1 -20 0 1 3 4
0 0 0.1 90 1.057 0 0 0 0 0 0 0 1 1 -20 0 1 3 4
0 0 0.1 90 0.709 0 0 0 0 0 0 0 1 1 -20 0 1 3 4
0 0 0.1 90 0.844 0 0 0 0 0 0 0 1 1 -20 0 1 3 4
0 0 0.1 90 1.113 0 0 0 0 -7 1 2 0 1 -20 0 1 2 4
0 0 0.1 90 1.186 0 0 0 0 0 0 0 1 1 -20 0 1 3 4
0 0 0.1 90 0.736 0 0 0 0 0 0 0 1 1 -20 0 1 3 4
0 0 0.1 90 0.867 0 0 0 0 0 0 0 1 1 -20 0 1 3 4
0 0 0.1 90 0.645 0 0 0 0 0 0 0 1 1 -20 0 1 3 4
0 0 0.1 90 0.998 0 0 0 0 7 1 2 0 1 -20 0 1 2 4
0 0 0.1 90 0.833 0 0 0 0 0 0 0 1 1 -20 0 1 3 4
0 0 0.1 90 1.103 0 0 0 0 0 0 0 1 1 -20 0 1 3 4
0 0 0.1 90 0.691 0 0 0 0 0 0 0 1 1 -20 0 1 3 4
0 0 0.1 90 0.809 0 0 0 0 0 0 0 1 1 -20 0 1 3 4
0 0 0.1 90 0.894 0 0 0 0 7 1 2 0 1 -20 0 1 2 4
0 0 0.1 90 0.69 0 0 0 0 0 0 0 1 1 -20 0 1 3 4
0 0 0.1 90 0.815 0 0 0 0 0 0 0 1 1 -20 0 1 3 4
0 0 0.1 90 1.178 0 0 0 0 0 0 0 1 1 -20 0 1 3 4
0 0 0.1 90 0.68 0 0 0 0 0 0 0 1 1 -20 0 1 3 4
0 0 0.1 90 0.607 0 0 0 0 -7 1 2 0 1 -20 0 1 2 4
0 0 0.1 90 0.699 0 0 0 0 0 0 0 1 1 -20 0 1 3 4
0 0 0.1 90 1.087 0 0 0 0 0 0 0 1 1 -20 0 1 3 4
0 0 0.1 90 1.122 0 0 0 0 0 0 0 1 1 -20 0 1 3 4
0 0 0.1 90 0.909 0 0 0 0 0 0 0 1 1 -20 0 1 3 4
0 0 0.1 90 0.977 0 0 0 0 -7 1 2 0 1 -20 0 1 2 4
0 0 0.1 90 1.107 0 0 0 0 0 0 0 1 1 -20 0 1 3 4
0 0 0.1 90 0.771 0 0 0 0 0 0 0 1 1 -20 0 1 3 4
0 0 0.1 90 1.001 0 0 0 0 0 0 0 1 1 -20 0 1 3 4
0 0 0.1 90 0.691 0 0 0 0 0 0 0 1 1 -20 0 1 3 4
0 0 0.1 90 1.19 0 0 0 0 -7 1 2 0 1 -20 0 1 2 4
0 0 0.1 90 0.779 0 0 0 0 0 0 0 1 1 -20 0 1 3 4
0 0 0.1 90 0.67 0 0 0 0 0 0 0 1 1 -20 0 1 3 4
0 0 0.1 90 0.698 0 0 0 0 0 0 0 1 1 -20 0 1 3 4
0 0 0.1 90 1.167 0 0 0 0 0 0 0 1 1 -20 0 1 3 4
0 0 0.1 90 1.077 0 0 0 0 7 1 2 0 1 -20 0 1 2 4
0 0 0.1 90 1.185 0 0 0 0 0 0 0 1 1 -20 0 1 3 4
0 0 0.1 90 0.81 0 0 0 0 0 0 0 1 1 -20 0 1 3 4
0 0 0.1 90 0.902 0 0 0 0 0 0 0 1 1 -20 0 1 3 4
0 0 0.1 90 1.087 0 0 0 0 0 0 0 1 1 -20 0 1 3 4
0 0 0.1 90 0.711 0 0 0 0 0 0 2 0 0 0 0 1 1 5
0 0 0.1 90 1.022 0 0 0 0 0 0 2 0 0 0 0 1 1 5
0 0 0.1 90 0.944 0 0 0 0 0 0 2 0 0 0 0 1 1 5
0 0 0.1 90 0.701 0 0 0 0 0 0 2 0 0 0 0 1 1 5
0 0 0.1 90 1.167 0 0 0 0 0 0 2 0 0 0 0 1 1 5
0 0 0.1 90 1.167 0 0 0 0 0 0 2 0 0 0 0 1 1 5
0 0 0.1 90 0.678 0 0 0 0 0 0 2 0 0 0 0 1 1 5
0 0 0.1 90 1.101 0 0 0 0 0 0 2 0 0 0 0 1 1 5
0 0 0.1 90 0.881 0 0 0 0 0 0 2 0 0 0 0 1 1 5
0 0 0.1 90 0.93 0 0 0 0 0 0 2 0 0 0 0 1 1 5
0 0 0.1 90 0.711 0 0 0 0 0 0 0 1 3 0 0 1 4 8
0 0 0.1 90 1.022 0 0 0 0 0 0 0 1 3 0 0 1 4 8
0 0 0.1 90 0.944 0 0 0 0 0 0 0 1 3 0 0 1 4 8
0 0 0.1 90 0.701 0 0 0 0 0 0 0 1 3 0 0 1 4 8
0 0 0.1 90 1.167 0 0 0 0 0 0 0 1 3 0 0 1 4 8
0 0 0.1 90 1.167 0 0 0 0 7 0 0 1 3 0 0 1 4 8
0 0 0.1 90 0.678 0 0 0 0 7 0 0 1 3 0 0 1 4 8
0 0 0.1 90 1.101 0 0 0 0 7 0 0 1 3 0 0 1 4 8
0 0 0.1 90 0.881 0 0 0 0 7 0 0 1 3 0 0 1 4 8
0 0 0.1 90 0.93 0 0 0 0 7 0 0 1 3 0 0 1 4 8
0 0 0.1 90 0.932 0 0 0 0 7 0 0 1 3 0 0 1 4 8
0 0 0.1 90 0.744 0 0 0 0 7 0 0 1 3 0 0 1 4 8
0 0 0.1 90 1.057 0 0 0 0 7 0 0 1 3 0 0 1 4 8
0 0 0.1 90 0.709 0 0 0 0 7 0 0 1 3 0 0 1 4 8
0 0 0.1 90 0.844 0 0 0 0 7 0 0 1 3 0 0 1 4 8
0 0 0.1 90 0.605 0 0 0 0 7 1 2 0 1 -20 0 1 2 4
0 0 0.1 90 0.609 0 0 0 0 0 0 0 1 1 -20 0 1 3 4
0 0 0.1 90 1.011 0 0 0 0 0 0 0 1 1 -20 0 1 3 4
0 0 0.1 90 1.158 0 0 0 0 0 0 0 1 1 -20 0 1 3 4
0 0 0.1 90 0.766 0 0 0 0 0 0 0 1 1 -20 0 1 3 4
0 0 0.1 90 1.088 0 0 0 0 -7 1 2 0 1 -20 0 1 2 4
0 0 0.1 90 1.072 0 0 0 0 0 0 0 1 1 -20 0 1 3 4
0 0 0.1 90 1.194 0 0 0 0 0 0 0 1 1 -20 0 1 3 4
0 0 0.1 90 0.969 0 0 0 0 0 0 0 1 1 -20 0 1 3 4
0 0 0.1 90 1.027 0 0 0 0 0 0 0 1 1 -20 0 1 3 4
0 0 0.1 90 1.063 0 0 0 0 7 1 2 0 1 -20 0 1 2 4
0 0 0.1 90 1.133 0 0 0 0 0 0 0 1 1 -20 0 1 3 4
0 0 0.1 90 0.976 0 0 0 0 0 0 0 1 1 -20 0 1 3 4
0 0 0.1 90 0.757 0 0 0 0 0 0 0 1 1 -20 0 1 3 4
0 0 0.1 90 1.116 0 0 0 0 0 0 0 1 1 -20 0 1 3 4
0 0 0.1 90 0.863 0 0 0 0 7 1 2 0 1 -20 0 1 2 4
0 0 0.1 90 0.833 0 0 0 0 0 0 0 1 1 -20 0 1 3 4
0 0 0.1 90 0.877 0 0 0 0 0 0 0 1 1 -20 0 1 3 4
0 0 0.1 90 0.732 0 0 0 0 0 0 0 1 1 -20 0 1 3 4
0 0 0.1 90 0.64 0 0 0 0 0 0 0 1 1 -20 0 1 3 4
0 0 0.1 90 0.766 0 0 0 0 7 1 2 0 1 -20 0 1 2 4
0 0 0.1 90 0.787 0 0 0 0 0 0 0 1 1 -20 0 1 3 4
0 0 0.1 90 0.626 0 0 0 0 0 0 0 1 1 -20 0 1 3 4
0 0 0.1 90 0.711 0 0 0 0 0 0 0 1 1 -20 0 1 3 4
0 0 0.1 90 0.711 0 0 0 0 0 0 0 1 1 -20 0 1 3 4
0 0 0.1 90 1.054 0 0 0 0 -7 1 2 0 1 -20 0 1 2 4
0 0 0.1 90 0.773 0 0 0 0 0 0 0 1 1 -20 0 1 3 4
0 0 0.1 90 1.121 0 0 0 0 0 0 0 1 1 -20 0 1 3 4
0 0 0.1 90 0.842 0 0 0 0 0 0 0 1 1 -20 0 1 3 4
0 0 0.1 90 0.944 0 0 0 0 0 0 0 1 1 -20 0 1 3 4
0 0 0.1 90 0.811 0 0 0 0 7 1 2 0 1 -20 0 1 2 4
0 0 0.1 90 1.004 0 0 0 0 0 0 0 1 1 -20 0 1 3 4
0 0 0.1 90 0.616 0 0 0 0 0 0 0 1 1 -20 0 1 3 4
0 0 0.1 90 0.841 0 0 0 0 0 0 0 1 1 -20 0 1 3 4
0 0 0.1 90 0.72 0 0 0 0 0 0 0 1 1 -20 0 1 3 4
0 0 0.1 90 1.114 0 0 0 0 7 1 2 0 1 -20 0 1 2 4
0 0 0.1 90 1.183 0 0 0 0 0 0 0 1 1 -20 0 1 3 4
0 0 0.1 90 0.795 0 0 0 0 0 0 0 1 1 -20 0 1 3 4
0 0 0.1 90 1.04 0 0 0 0 0 0 0 1 1 -20 0 1 3 4
0 0 0.1 90 0.805 0 0 0 0 0 0 0 1 1 -20 0 1 3 4
0 0 0.1 90 1.187 0 0 0 0 -7 1 2 0 1 -20 0 1 2 4
0 0 0.1 90 0.839 0 0 0 0 0 0 0 1 1 -20 0 1 3 4
0 0 0.1 90 0.828 0 0 0 0 0 0 0 1 1 -20 0 1 3 4
0 0 0.1 90 0.937 0 0 0 0 0 0 0 1 1 -20 0 1 3 4
0 0 0.1 90 0.879 0 0 0 0 0 0 0 1 1 -20 0 1 3 4
0 0 0.1 90 0.719 0 0 0 0 -7 1 2 0 1 -20 0 1 2 4
0 0 0.1 90 0.857 0 0 0 0 0 0 0 1 1 -20 0 1 3 4
0 0 0.1 90 0.656 0 0 0 0 0 0 0 1 1 -20 0 1 3 4
0 0 0.1 90 0.67 0 0 0 0 0 0 0 1 1 -20 0 1 3 4
0 0 0.1 90 0.865 0 0 0 0 0 0 0 1 1 -20 0 1 3 4
0 0 0.1 90 0.711 0 0 0 0 0 0 2 0 0 0 0 1 1 5
0 0 0.1 90 1.022 0 0 0 0 0 0 2 0 0 0 0 1 1 5
0 0 0.1 90 0.944 0 0 0 0 0 0 2 0 0 0 0 1 1 5
0 0 0.1 90 0.701 0 0 0 0 0 0 2 0 0 0 0 1 1 5
0 0 0.1 90 1.167 0 0 0 0 0 0 2 0 0 0 0 1 1 5
0 0 0.1 90 1.167 0 0 0 0 0 0 2 0 0 0 0 1 1 5
0 0 0.1 90 0.678 0 0 0 0 0 0 2 0 0 0 0 1 1 5
0 0 0.1 90 1.101 0 0 0 0 0 0 2 0 0 0 0 1 1 5
0 0 0.1 90 0.881 0 0 0 0 0 0 2 0 0 0 0 1 1 5
0 0 0.1 90 0.93 0 0 0 0 0 0 2 0 0 0 0 1 1 5
0 0 0.1 90 0.711 0 0 0 0 0 1 2 0 0 0 0 1 2 6
0 0 0.1 90 1.022 0 0 0 0 0 0 0 0 0 0 0 1 3 6
0 0 0.1 90 0.944 0 0 0 0 0 1 2 0 0 0 0 1 2 6
0 0 0.1 90 0.701 0 0 0 0 0 0 0 0 0 0 0 1 3 6
0 0 0.1 90 1.167 0 0 0 0 0 1 2 0 0 0 0 1 2 6
0 0 0.1 90 1.167 0 0 0 0 0 0 0 0 0 0 0 1 3 6
0 0 0.1 90 0.678 0 0 0 0 0 1 2 0 0 0 0 1 2 6
0 0 0.1 90 1.101 0 0 0 0 0 0 0 0 0 0 0 1 3 6
0 0 0.1 90 0.881 0 0 0 0 0 1 2 0 0 0 0 1 2 6
0 0 0.1 90 0.93 0 0 0 0 0 0 0 0 0 0 0 1 3 6
0 0 0.1 90 0.932 0 0 0 0 7 1 2 0 0 0 0 1 2 6
0 0 0.1 90 0.744 0 0 0 0 0 0 0 0 0 0 0 1 3 6
0 0 0.1 90 1.057 0 0 0 0 7 1 2 0 0 0 0 1 2 6
0 0 0.1 90 0.709 0 0 0 0 0 0 0 0 0 0 0 1 3 6
0 0 0.1 90 0.844 0 0 0 0 7 1 2 0 0 0 0 1 2 6
0 0 0.1 90 1.113 0 0 0 0 0 0 0 0 0 0 0 1 3 6
0 0 0.1 90 1.186 0 0 0 0 7 1 2 0 0 0 0 1 2 6
0 0 0.1 90 0.736 0 0 0 0 0 0 0 0 0 0 0 1 3 6
0 0 0.1 90 0.867 0 0 0 0 7 1 2 0 0 0 0 1 2 6
0 0 0.1 90 0.645 0 0 0 0 0 0 0 0 0 0 0 1 3 6
0 0 0.1 90 0.998 0 0 0 0 7 1 2 0 0 0 0 1 2 6
0 0 0.1 90 0.833 0 0 0 0 0 0 0 0 0 0 0 1 3 6
0 0 0.1 90 1.103 0 0 0 0 7 1 2 0 0 0 0 1 2 6
0 0 0.1 90 0.691 0 0 0 0 0 0 0 0 0 0 0 1 3 6
0 0 0.1 90 0.809 0 0 0 0 7 1 2 0 0 0 0 1 2 6
0 0 0.1 90 0.894 0 0 0 0 0 0 0 0 0 0 0 1 3 6
0 0 0.1 90 0.69 0 0 0 0 7 1 2 0 0 0 0 1 2 6
0 0 0.1 90 0.815 0 0 0 0 0 0 0 0 0 0 0 1 3 6
0 0 0.1 90 1.178 0 0 0 0 7 1 2 0 0 0 0 1 2 6
0 0 0.1 90 0.68 0 0 0 0 0 0 0 0 0 0 0 1 3 6
0 0 0.1 90 0.721 0 0 0 0 -7 1 2 0 1 -20 0 1 2 4
0 0 0.1 90 0.857 0 0 0 0 0 0 0 1 1 -20 0 1 3 4
0 0 0.1 90 1.189 0 0 0 0 0 0 0 1 1 -20 0 1 3 4
0 0 0.1 90 1.098 0 0 0 0 0 0 0 1 1 -20 0 1 3 4
0 0 0.1 90 0.773 0 0 0 0 0 0 0 1 1 -20 0 1 3 4
0 0 0.1 90 0.958 0 0 0 0 -7 1 2 0 1 -20 0 1 2 4
0 0 0.1 90 1.14 0 0 0 0 0 0 0 1 1 -20 0 1 3 4
0 0 0.1 90 0.873 0 0 0 0 0 0 0 1 1 -20 0 1 3 4
0 0 0.1 90 0.689 0 0 0 0 0 0 0 1 1 -20 0 1 3 4
0 0 0.1 90 0.678 0 0 0 0 0 0 0 1 1 -20 0 1 3 4
0 0 0.1 90 0.615 0 0 0 0 -7 1 2 0 1 -20 0 1 2 4
0 0 0.1 90 1.042 0 0 0 0 0 0 0 1 1 -20 0 1 3 4
0 0 0.1 90 0.825 0 0 0 0 0 0 0 1 1 -20 0 1 3 4
0 0 0.1 90 0.945 0 0 0 0 0 0 0 1 1 -20 0 1 3 4
0 0 0.1 90 1.096 0 0 0 0 0 0 0 1 1 -20 0 1 3 4
0 0 0.1 90 1.089 0 0 0 0 7 1 2 0 1 -20 0 1 2 4
0 0 0.1 90 1.124 0 0 0 0 0 0 0 1 1 -20 0 1 3 4
0 0 0.1 90 0.667 0 0 0 0 0 0 0 1 1 -20 0 1 3 4
0 0 0.1 90 1.172 0 0 0 0 0 0 0 1 1 -20 0 1 3 4
0 0 0.1 90 0.942 0 0 0 0 0 0 0 1 1 -20 0 1 3 4
0 0 0.1 90 0.623 0 0 0 0 7 1 2 0 1 -20 0 1 2 4
0 0 0.1 90 0.748 0 0 0 0 0 0 0 1 1 -20 0 1 3 4
0 0 0.1 90 1.188 0 0 0 0 0 0 0 1 1 -20 0 1 3 4
0 0 0.1 90 1.132 0 0 0 0 0 0 0 1 1 -20 0 1 3 4
0 0 0.1 90 0.745 0 0 0 0 0 0 0 1 1 -20 0 1 3 4
0 0 0.1 90 1.055 0 0 0 0 -7 1 2 0 1 -20 0 1 2 4
0 0 0.1 90 0.938 0 0 0 0 0 0 0 1 1 -20 0 1 3 4
0 0 0.1 90 0.784 0 0 0 0 0 0 0 1 1 -20 0 1 3 4
0 0 0.1 90 1.017 0 0 0 0 0 0 0 1 1 -20 0 1 3 4
0 0 0.1 90 0.802 0 0 0 0 0 0 0 1 1 -20 0 1 3 4
0 0 0.1 90 0.724 0 0 0 0 -7 1 2 0 1 -20 0 1 2 4
0 0 0.1 90 1.152 0 0 0 0 0 0 0 1 1 -20 0 1 3 4
0 0 0.1 90 0.614 0 0 0 0 0 0 0 1 1 -20 0 1 3 4
0 0 0.1 90 1.179 0 0 0 0 0 0 0 1 1 -20 0 1 3 4
0 0 0.1 90 0.79 0 0 0 0 0 0 0 1 1 -20 0 1 3 4
0 0 0.1 90 1 0 0 0 0 7 1 2 0 1 -20 0 1 2 4
0 0 0.1 90 0.921 0 0 0 0 0 0 0 1 1 -20 0 1 3 4
0 0 0.1 90 1.091 0 0 0 0 0 0 0 1 1 -20 0 1 3 4
0 0 0.1 90 0.712 0 0 0 0 0 0 0 1 1 -20 0 1 3 4
0 0 0.1 90 0.84 0 0 0 0 0 0 0 1 1 -20 0 1 3 4
0 0 0.1 90 0.708 0 0 0 0 7 1 2 0 1 -20 0 1 2 4
0 0 0.1 90 0.772 0 0 0 0 0 0 0 1 1 -20 0 1 3 4
0 0 0.1 90 0.978 0 0 0 0 0 0 0 1 1 -20 0 1 3 4
0 0 0.1 90 0.781 0 0 0 0 0 0 0 1 1 -20 0 1 3 4
0 0 0.1 90 0.867 0 0 0 0 0 0 0 1 1 -20 0 1 3 4
0 0 0.1 90 1.039 0 0 0 0 -7 1 2 0 1 -20 0 1 2 4
0 0 0.1 90 1.001 0 0 0 0 0 0 0 1 1 -20 0 1 3 4
0 0 0.1 90 0.787 0 0 0 0 0 0 0 1 1 -20 0 1 3 4
0 0 0.1 90 0.888 0 0 0 0 0 0 0 1 1 -20 0 1 3 4
0 0 0.1 90 0.775 0 0 0 0 0 0 0 1 1 -20 0 1 3 4
0 0 0.1 90 0.711 0 0 0 0 0 0 2 0 0 0 0 1 1 5
0 0 0.1 90 1.022 0 0 0 0 0 0 2 0 0 0 0 1 1 5
0 0 0.1 90 0.944 0 0 0 0 0 0 2 0 0 0 0 1 1 5
0 0 0.1 90 0.701 0 0 0 0 0 0 2 0 0 0 0 1 1 5
0 0 0.1 90 1.167 0 0 0 0 0 0 2 0 0 0 0 1 1 5
0 0 0.1 90 1.167 0 0 0 0 0 0 2 0 0 0 0 1 1 5
0 0 0.1 90 0.678 0 0 0 0 0 0 2 0 0 0 0 1 1 5
0 0 0.1 90 1.101 0 0 0 0 0 0 2 0 0 0 0 1 1 5
0 0 0.1 90 0.881 0 0 0 0 0 0 2 0 0 0 0 1 1 5
0 0 0.1 90 0.93 0 0 0 0 0 0 2 0 0 0 0 1 1 5
0 0 0.1 90 0.711 0 0 0 0 0 0 2 0 0 0 0 1 1 7
0 0 0.1 90 1.022 0 0 0 0 0 0 2 0 0 0 0 1 1 7
0 0 0.1 90 0.944 0 0 0 0 0 0 2 0 0 0 0 1 1 7
0 0 0.1 90 0.701 0 0 0 0 0 0 2 0 0 0 0 1 1 7
0 0 0.1 90 1.167 0 0 0 0 0 0 2 0 0 0 0 1 1 7
0 0 0.1 90 1.167 0 0 0 0 7 0 2 0 0 0 0 1 1 7
0 0 0.1 90 0.678 0 0 0 0 7 0 2 0 0 0 0 1 1 7
0 0 0.1 90 1.101 0 0 0 0 7 0 2 0 0 0 0 1 1 7
0 0 0.1 90 0.881 0 0 0 0 7 0 2 0 0 0 0 1 1 7
0 0 0.1 90 0.93 0 0 0 0 7 0 2 0 0 0 0 1 1 7
0 0 0.1 90 0.932 0 0 0 0 7 0 2 0 0 0 0 1 1 7
0 0 0.1 90 0.744 0 0 0 0 7 0 2 0 0 0 0 1 1 7
0 0 0.1 90 1.057 0 0 0 0 7 0 2 0 0 0 0 1 1 7
0 0 0.1 90 0.709 0 0 0 0 7 0 2 0 0 0 0 1 1 7
0 0 0.1 90 0.844 0 0 0 0 7 0 2 0 0 0 0 1 1 7
