0 0 0.1 90 1.178 0 0 0 0 0 1 2 0 0 0 0 1 2 0
0 0 0.1 87 0.68 0 0 0 0 0 0 0 0 0 0 0 1 3 0
0 0 0.1 90 0.607 0 0 0 0 0 1 2 0 0 0 0 1 2 0
0 0 0.1 90 0.699 0 0 0 0 0 0 0 0 0 0 0 1 3 0
0 0 0.1 90 1.087 0 0 0 0 0 1 2 0 0 0 0 1 2 0
0 0 0.1 102 1.122 0 0 0 0 0 0 2 0 0 0 0 1 3 0
0 0 0.1 90 0.909 0 0 0 0 0 1 2 0 0 0 0 1 2 0
0 0 0.1 96 0.977 0 0 0 0 0 0 0 0 0 0 0 1 3 0
0 0 0.1 90 1.107 0 0 0 0 0 1 2 0 0 0 0 1 2 0
0 0 0.1 75 0.771 0 0 0 0 0 0 0 0 0 0 0 1 3 0
0 0 0.1 90 1.001 0 0 0 0 0 1 2 0 0 0 0 1 2 0
0 0 0.1 105 0.691 0 0 0 0 0 0 0 0 0 0 0 1 3 0
0 0 0.1 90 1.19 0 0 0 0 0 1 2 0 0 0 0 1 2 0
0 0 0.1 93 0.779 0 0 0 0 0 0 0 0 0 0 0 1 3 0
0 0 0.1 90 0.67 0 0 0 0 0 1 2 0 0 0 0 1 2 0
0 0 0.1 84 0.698 0 0 0 0 0 0 2 0 0 0 0 1 3 0
0 0 0.1 90 1.167 0 0 0 0 0 1 2 0 0 0 0 1 2 0
0 0 0.1 99 1.077 0 0 0 0 0 0 0 0 0 0 0 1 3 0
0 0 0.1 90 1.185 0 0 0 0 0 1 2 0 0 0 0 1 2 0
0 0 0.1 81 0.81 0 0 0 0 0 0 0 0 0 0 0 1 3 0
0 0 0.1 90 0.902 0 0 0 0 0 1 2 0 0 0 0 1 2 0
0 0 0.1 78 1.087 0 0 0 0 0 0 0 0 0 0 0 1 3 0
0 0 0.1 90 0.605 0 0 0 0 0 1 2 0 0 0 0 1 2 0
0 0 0.1 105 0.609 0 0 0 0 0 0 0 0 0 0 0 1 3 0
0 0 0.1 90 1.011 0 0 0 0 0 1 2 0 0 0 0 1 2 0
0 0 0.1 75 1.158 0 0 0 0 0 0 2 0 0 0 0 1 3 0
0 0 0.1 90 0.766 0 0 0 0 0 1 2 0 0 0 0 1 2 0
0 0 0.1 81 1.088 0 0 0 0 0 0 0 0 0 0 0 1 3 0
0 0 0.1 90 1.072 0 0 0 0 0 1 2 0 0 0 0 1 2 0
0 0 0.1 90 1.194 0 0 0 0 0 0 0 0 0 0 0 1 3 0
0 0 0.1 90 0.969 0 0 0 0 0 1 2 0 0 0 0 1 2 0
0 0 0.1 78 1.027 0 0 0 0 0 0 0 0 0 0 0 1 3 0
0 0 0.1 90 1.063 0 0 0 0 0 1 2 0 0 0 0 1 2 0
0 0 0.1 99 1.133 0 0 0 0 0 0 0 0 0 0 0 1 3 0
0 0 0.1 90 0.976 0 0 0 0 0 1 2 0 0 0 0 1 2 0
0 0 0.1 102 0.757 0 0 0 0 0 0 2 0 0 0 0 1 3 0
0 0 0.1 90 1.116 0 0 0 0 0 1 2 0 0 0 0 1 2 0
0 0 0.1 93 0.863 0 0 0 0 0 0 0 0 0 0 0 1 3 0
0 0 0.1 90 0.833 0 0 0 0 0 1 2 0 0 0 0 1 2 0
0 0 0.1 87 0.877 0 0 0 0 0 0 0 0 0 0 0 1 3 0
