0 0 0.1 105 1.125 0 0 0 0 0 6 2 0 0 0 0 1 2 6 0
0 0 0.1 102 0.855 0 0 0 0 0 6 2 0 0 0 0 1 2 6 0
0 0 0.1 81 1.188 0 0 0 0 0 6 2 0 0 0 0 1 2 6 0
0 0 0.1 87 1.062 0 0 0 0 0 6 2 0 0 0 0 1 2 6 0
0 0 0.1 96 1.179 0 0 0 0 0 6 2 0 0 0 0 1 2 6 0
0 0 0.1 93 0.851 0 0 0 0 0 6 2 0 0 0 0 1 2 6 0
0 0 0.1 78 1.022 0 0 0 0 0 6 2 0 0 0 0 1 2 6 0
0 0 0.1 78 0.988 0 0 0 0 0 6 2 0 0 0 0 1 2 6 0
0 0 0.1 90 1.145 0 0 0 0 0 6 2 0 0 0 0 1 2 6 0
0 0 0.1 84 1.047 0 0 0 0 0 6 2 0 0 0 0 1 2 6 0
0 0 0.1 87 0.842 0 0 0 0 5 6 2 0 0 0 0 1 2 6 0
0 0 0.1 90 1.186 0 0 0 0 5 6 2 0 0 0 0 1 2 6 0
0 0 0.1 84 0.969 0 0 0 0 5 6 2 0 0 0 0 1 2 6 0
0 0 0.1 90 0.982 0 0 0 0 5 6 2 0 0 0 0 1 2 6 0
0 0 0.1 81 1.023 0 0 0 0 5 6 2 0 0 0 0 1 2 6 0
0 0 0.1 93 0.885 0 0 0 0 5 6 2 0 0 0 0 1 2 6 0
0 0 0.1 96 0.956 0 0 0 0 5 6 2 0 0 0 0 1 2 6 0
0 0 0.1 99 0.887 0 0 0 0 5 6 2 0 0 0 0 1 2 6 0
0 0 0.1 93 1.105 0 0 0 0 5 6 2 0 0 0 0 1 2 6 0
0 0 0.1 84 1.076 0 0 0 0 5 6 2 0 0 0 0 1 2 6 0
0 0 0.1 87 0.889 0 0 0 0 0 6 2 0 0 0 0 1 2 6 0
0 0 0.1 90 0.86 0 0 0 0 0 6 2 0 0 0 0 1 2 6 0
0 0 0.1 81 1.171 0 0 0 0 0 6 2 0 0 0 0 1 2 6 0
0 0 0.1 96 0.804 0 0 0 0 0 6 2 0 0 0 0 1 2 6 0
0 0 0.1 75 1.121 0 0 0 0 0 6 2 0 0 0 0 1 2 6 0
0 0 0.1 87 1.615 0 0 0 0 2 6 2 0 1 -20 0 1 2 4 0
0 0 0.1 90 0.899 0 0 0 0 0 5 0 1 1 -20 0 0.166666666666667 3 4 0
0 0 0.1 102 1.992 0 0 0 0 -2 6 2 0 1 -20 0 1 2 4 0
0 0 0.1 96 1.155 0 0 0 0 0 5 0 1 1 -20 0 0.166666666666667 3 4 0
0 0 0.1 75 1.697 0 0 0 0 2 6 2 0 1 -20 0 1 2 4 0
0 0 0.1 105 1.103 0 0 0 0 0 5 0 1 1 -20 0 0.166666666666667 3 4 0
0 0 0.1 93 1.826 0 0 0 0 -6 6 2 0 1 -20 0 1 2 4 0
0 0 0.1 84 0.923 0 0 0 0 0 5 0 1 1 -20 0 0.5 3 4 0
0 0 0.1 99 1.878 0 0 0 0 4 6 2 0 1 -20 0 1 2 4 0
0 0 0.1 81 0.935 0 0 0 0 0 5 0 1 1 -20 0 0.333333333333333 3 4 0
0 0 0.1 78 1.683 0 0 0 0 -2 6 2 0 1 -20 0 1 2 4 0
0 0 0.1 105 1.168 0 0 0 0 0 5 0 1 1 -20 0 0.166666666666667 3 4 0
0 0 0.1 75 1.61 0 0 0 0 6 6 2 0 1 -20 0 1 2 4 0
0 0 0.1 81 1.186 0 0 0 0 0 5 0 1 1 -20 0 0.5 3 4 0
0 0 0.1 90 1.727 0 0 0 0 -4 6 2 0 1 -20 0 1 2 4 0
0 0 0.1 78 1.067 0 0 0 0 0 5 0 1 1 -20 0 0.333333333333333 3 4 0
0 0 0.1 99 1.814 0 0 0 0 6 6 2 0 1 -20 0 1 2 4 0
0 0 0.1 102 1.128 0 0 0 0 0 5 0 1 1 -20 0 0.5 3 4 0
0 0 0.1 93 1.675 0 0 0 0 -4 6 2 0 1 -20 0 1 2 4 0
0 0 0.1 87 0.96 0 0 0 0 0 5 0 1 1 -20 0 0.333333333333333 3 4 0
0 0 0.1 84 1.672 0 0 0 0 4 6 2 0 1 -20 0 1 2 4 0
0 0 0.1 96 0.915 0 0 0 0 0 5 0 1 1 -20 0 0.333333333333333 3 4 0
0 0 0.1 105 1.852 0 0 0 0 -6 6 2 0 1 -20 0 1 2 4 0
0 0 0.1 90 0.921 0 0 0 0 0 5 0 1 1 -20 0 0.5 3 4 0
0 0 0.1 99 1.778 0 0 0 0 2 6 2 0 1 -20 0 1 2 4 0
0 0 0.1 102 1.093 0 0 0 0 0 5 0 1 1 -20 0 0.166666666666667 3 4 0
0 0 0.1 87 1.868 0 0 0 0 -6 6 2 0 1 -20 0 1 2 4 0
0 0 0.1 96 0.925 0 0 0 0 0 5 0 1 1 -20 0 0.5 3 4 0
0 0 0.1 81 1.792 0 0 0 0 4 6 2 0 1 -20 0 1 2 4 0
0 0 0.1 75 0.917 0 0 0 0 0 5 0 1 1 -20 0 0.333333333333333 3 4 0
0 0 0.1 93 1.673 0 0 0 0 -2 6 2 0 1 -20 0 1 2 4 0
0 0 0.1 78 0.945 0 0 0 0 0 5 0 1 1 -20 0 0.166666666666667 3 4 0
0 0 0.1 84 1.962 0 0 0 0 4 6 2 0 1 -20 0 1 2 4 0
0 0 0.1 90 0.958 0 0 0 0 0 5 0 1 1 -20 0 0.333333333333333 3 4 0
0 0 0.1 78 1.912 0 0 0 0 -4 6 2 0 1 -20 0 1 2 4 0
0 0 0.1 93 0.914 0 0 0 0 0 5 0 1 1 -20 0 0.333333333333333 3 4 0
0 0 0.1 102 1.942 0 0 0 0 6 6 2 0 1 -20 0 1 2 4 0
0 0 0.1 81 0.869 0 0 0 0 0 5 0 1 1 -20 0 0.5 3 4 0
0 0 0.1 84 1.632 0 0 0 0 -2 6 2 0 1 -20 0 1 2 4 0
0 0 0.1 99 0.917 0 0 0 0 0 5 0 1 1 -20 0 0.166666666666667 3 4 0
0 0 0.1 75 1.937 0 0 0 0 6 6 2 0 1 -20 0 1 2 4 0
0 0 0.1 87 1.179 0 0 0 0 0 5 0 1 1 -20 0 0.5 3 4 0
0 0 0.1 96 1.618 0 0 0 0 -4 6 2 0 1 -20 0 1 2 4 0
0 0 0.1 105 1.104 0 0 0 0 0 5 0 1 1 -20 0 0.333333333333333 3 4 0
0 0 0.1 75 1.719 0 0 0 0 2 6 2 0 1 -20 0 1 2 4 0
0 0 0.1 78 1.061 0 0 0 0 0 5 0 1 1 -20 0 0.166666666666667 3 4 0
0 0 0.1 96 1.634 0 0 0 0 -6 6 2 0 1 -20 0 1 2 4 0
0 0 0.1 84 1.191 0 0 0 0 0 5 0 1 1 -20 0 0.5 3 4 0
0 0 0.1 87 1.606 0 0 0 0 2 6 2 0 1 -20 0 1 2 4 0
0 0 0.1 90 1.016 0 0 0 0 0 5 0 1 1 -20 0 0.166666666666667 3 4 0
0 0 0.1 93 1.987 0 0 0 0 -2 6 2 0 1 -20 0 1 2 4 0
0 0 0.1 99 0.841 0 0 0 0 0 5 0 1 1 -20 0 0.166666666666667 3 4 0
0 0 0.1 102 1.703 0 0 0 0 2 6 2 0 1 -20 0 1 2 4 0
0 0 0.1 105 1.159 0 0 0 0 0 5 0 1 1 -20 0 0.166666666666667 3 4 0
0 0 0.1 81 1.756 0 0 0 0 -6 6 2 0 1 -20 0 1 2 4 0
0 0 0.1 93 1.118 0 0 0 0 0 5 0 1 1 -20 0 0.5 3 4 0
0 0 0.1 78 1.74 0 0 0 0 4 6 2 0 1 -20 0 1 2 4 0
0 0 0.1 90 0.856 0 0 0 0 0 5 0 1 1 -20 0 0.333333333333333 3 4 0
0 0 0.1 105 1.861 0 0 0 0 -2 6 2 0 1 -20 0 1 2 4 0
0 0 0.1 84 1.018 0 0 0 0 0 5 0 1 1 -20 0 0.166666666666667 3 4 0
0 0 0.1 96 1.979 0 0 0 0 6 6 2 0 1 -20 0 1 2 4 0
0 0 0.1 99 1.029 0 0 0 0 0 5 0 1 1 -20 0 0.5 3 4 0
0 0 0.1 87 1.982 0 0 0 0 -4 6 2 0 1 -20 0 1 2 4 0
0 0 0.1 75 1.113 0 0 0 0 0 5 0 1 1 -20 0 0.333333333333333 3 4 0
0 0 0.1 102 1.648 0 0 0 0 6 6 2 0 1 -20 0 1 2 4 0
0 0 0.1 81 1.135 0 0 0 0 0 5 0 1 1 -20 0 0.5 3 4 0
0 0 0.1 78 1.635 0 0 0 0 -4 6 2 0 1 -20 0 1 2 4 0
0 0 0.1 90 1.1 0 0 0 0 0 5 0 1 1 -20 0 0.333333333333333 3 4 0
0 0 0.1 102 1.627 0 0 0 0 4 6 2 0 1 -20 0 1 2 4 0
0 0 0.1 96 0.832 0 0 0 0 0 5 0 1 1 -20 0 0.333333333333333 3 4 0
0 0 0.1 81 1.643 0 0 0 0 -6 6 2 0 1 -20 0 1 2 4 0
0 0 0.1 87 0.963 0 0 0 0 0 5 0 1 1 -20 0 0.5 3 4 0
0 0 0.1 93 1.99 0 0 0 0 2 6 2 0 1 -20 0 1 2 4 0
0 0 0.1 84 0.866 0 0 0 0 0 5 0 1 1 -20 0 0.166666666666667 3 4 0
0 0 0.1 105 1.802 0 0 0 0 -6 6 2 0 1 -20 0 1 2 4 0
0 0 0.1 75 0.881 0 0 0 0 0 5 0 1 1 -20 0 0.5 3 4 0
0 0 0.1 99 1.68 0 0 0 0 4 6 2 0 1 -20 0 1 2 4 0
0 0 0.1 75 0.872 0 0 0 0 0 5 0 1 1 -20 0 0.333333333333333 3 4 0
0 0 0.1 87 1.71 0 0 0 0 -2 6 2 0 1 -20 0 1 2 4 0
0 0 0.1 90 0.853 0 0 0 0 0 5 0 1 1 -20 0 0.166666666666667 3 4 0
0 0 0.1 105 1.944 0 0 0 0 4 6 2 0 1 -20 0 1 2 4 0
0 0 0.1 78 1.059 0 0 0 0 0 5 0 1 1 -20 0 0.333333333333333 3 4 0
0 0 0.1 96 1.842 0 0 0 0 -4 6 2 0 1 -20 0 1 2 4 0
0 0 0.1 102 1.189 0 0 0 0 0 5 0 1 1 -20 0 0.333333333333333 3 4 0
0 0 0.1 84 1.751 0 0 0 0 6 6 2 0 1 -20 0 1 2 4 0
0 0 0.1 81 1.128 0 0 0 0 0 5 0 1 1 -20 0 0.5 3 4 0
0 0 0.1 93 1.691 0 0 0 0 -2 6 2 0 1 -20 0 1 2 4 0
0 0 0.1 99 0.883 0 0 0 0 0 5 0 1 1 -20 0 0.166666666666667 3 4 0
0 0 0.1 75 1.678 0 0 0 0 6 6 2 0 1 -20 0 1 2 4 0
0 0 0.1 87 0.897 0 0 0 0 0 5 0 1 1 -20 0 0.5 3 4 0
0 0 0.1 99 1.992 0 0 0 0 -4 6 2 0 1 -20 0 1 2 4 0
0 0 0.1 93 1.01 0 0 0 0 0 5 0 1 1 -20 0 0.333333333333333 3 4 0
0 0 0.1 78 1.931 0 0 0 0 2 6 2 0 1 -20 0 1 2 4 0
0 0 0.1 90 1.069 0 0 0 0 0 5 0 1 1 -20 0 0.166666666666667 3 4 0
0 0 0.1 102 1.992 0 0 0 0 -6 6 2 0 1 -20 0 1 2 4 0
0 0 0.1 81 0.824 0 0 0 0 0 5 0 1 1 -20 0 0.5 3 4 0
0 0 0.1 105 1.125 0 0 0 0 0 6 2 0 0 0 0 1 2 6 0
0 0 0.1 102 0.855 0 0 0 0 0 6 2 0 0 0 0 1 2 6 0
0 0 0.1 81 1.188 0 0 0 0 0 6 2 0 0 0 0 1 2 6 0
0 0 0.1 87 1.062 0 0 0 0 0 6 2 0 0 0 0 1 2 6 0
0 0 0.1 96 1.179 0 0 0 0 0 6 2 0 0 0 0 1 2 6 0
0 0 0.1 93 0.851 0 0 0 0 0 6 2 0 0 0 0 1 2 6 0
0 0 0.1 78 1.022 0 0 0 0 0 6 2 0 0 0 0 1 2 6 0
0 0 0.1 78 0.988 0 0 0 0 0 6 2 0 0 0 0 1 2 6 0
0 0 0.1 90 1.145 0 0 0 0 0 6 2 0 0 0 0 1 2 6 0
0 0 0.1 84 1.047 0 0 0 0 0 6 2 0 0 0 0 1 2 6 0
0 0 0.1 87 0.842 0 0 0 0 5 6 2 0 0 0 0 1 2 6 0
0 0 0.1 90 1.186 0 0 0 0 5 6 2 0 0 0 0 1 2 6 0
0 0 0.1 84 0.969 0 0 0 0 5 6 2 0 0 0 0 1 2 6 0
0 0 0.1 90 0.982 0 0 0 0 5 6 2 0 0 0 0 1 2 6 0
0 0 0.1 81 1.023 0 0 0 0 5 6 2 0 0 0 0 1 2 6 0
0 0 0.1 93 0.885 0 0 0 0 5 6 2 0 0 0 0 1 2 6 0
0 0 0.1 96 0.956 0 0 0 0 5 6 2 0 0 0 0 1 2 6 0
0 0 0.1 99 0.887 0 0 0 0 5 6 2 0 0 0 0 1 2 6 0
0 0 0.1 93 1.105 0 0 0 0 5 6 2 0 0 0 0 1 2 6 0
0 0 0.1 84 1.076 0 0 0 0 5 6 2 0 0 0 0 1 2 6 0
0 0 0.1 87 0.889 0 0 0 0 0 6 2 0 0 0 0 1 2 6 0
0 0 0.1 90 0.86 0 0 0 0 0 6 2 0 0 0 0 1 2 6 0
0 0 0.1 81 1.171 0 0 0 0 0 6 2 0 0 0 0 1 2 6 0
0 0 0.1 96 0.804 0 0 0 0 0 6 2 0 0 0 0 1 2 6 0
0 0 0.1 75 1.121 0 0 0 0 0 6 2 0 0 0 0 1 2 6 0
0 0 0.1 87 1.615 0 0 0 0 2 6 2 0 1 -20 0 1 2 4 1
0 0 0.1 90 0.899 0 0 0 0 0 5 0 1 1 -20 0 0.166666666666667 3 4 0
0 0 0.1 102 1.992 0 0 0 0 -2 6 2 0 1 -20 0 1 2 4 0
0 0 0.1 96 1.155 0 0 0 0 0 5 0 1 1 -20 0 0.166666666666667 3 4 0
0 0 0.1 75 1.697 0 0 0 0 2 6 2 0 1 -20 0 1 2 4 0
0 0 0.1 105 1.103 0 0 0 0 0 5 0 1 1 -20 0 0.166666666666667 3 4 0
0 0 0.1 93 1.826 0 0 0 0 -6 6 2 0 1 -20 0 1 2 4 0
0 0 0.1 84 0.923 0 0 0 0 0 5 0 1 1 -20 0 0.5 3 4 0
0 0 0.1 99 1.878 0 0 0 0 4 6 2 0 1 -20 0 1 2 4 0
0 0 0.1 81 0.935 0 0 0 0 0 5 0 1 1 -20 0 0.333333333333333 3 4 0
0 0 0.1 78 1.683 0 0 0 0 -2 6 2 0 1 -20 0 1 2 4 0
0 0 0.1 105 1.168 0 0 0 0 0 5 0 1 1 -20 0 0.166666666666667 3 4 0
0 0 0.1 75 1.61 0 0 0 0 6 6 2 0 1 -20 0 1 2 4 0
0 0 0.1 81 1.186 0 0 0 0 0 5 0 1 1 -20 0 0.5 3 4 0
0 0 0.1 90 1.727 0 0 0 0 -4 6 2 0 1 -20 0 1 2 4 0
0 0 0.1 78 1.067 0 0 0 0 0 5 0 1 1 -20 0 0.333333333333333 3 4 0
0 0 0.1 99 1.814 0 0 0 0 6 6 2 0 1 -20 0 1 2 4 0
0 0 0.1 102 1.128 0 0 0 0 0 5 0 1 1 -20 0 0.5 3 4 0
0 0 0.1 93 1.675 0 0 0 0 -4 6 2 0 1 -20 0 1 2 4 0
0 0 0.1 87 0.96 0 0 0 0 0 5 0 1 1 -20 0 0.333333333333333 3 4 0
0 0 0.1 84 1.672 0 0 0 0 4 6 2 0 1 -20 0 1 2 4 0
0 0 0.1 96 0.915 0 0 0 0 0 5 0 1 1 -20 0 0.333333333333333 3 4 0
0 0 0.1 105 1.852 0 0 0 0 -6 6 2 0 1 -20 0 1 2 4 0
0 0 0.1 90 0.921 0 0 0 0 0 5 0 1 1 -20 0 0.5 3 4 0
0 0 0.1 99 1.778 0 0 0 0 2 6 2 0 1 -20 0 1 2 4 0
0 0 0.1 102 1.093 0 0 0 0 0 5 0 1 1 -20 0 0.166666666666667 3 4 0
0 0 0.1 87 1.868 0 0 0 0 -6 6 2 0 1 -20 0 1 2 4 0
0 0 0.1 96 0.925 0 0 0 0 0 5 0 1 1 -20 0 0.5 3 4 0
0 0 0.1 81 1.792 0 0 0 0 4 6 2 0 1 -20 0 1 2 4 0
0 0 0.1 75 0.917 0 0 0 0 0 5 0 1 1 -20 0 0.333333333333333 3 4 0
0 0 0.1 93 1.673 0 0 0 0 -2 6 2 0 1 -20 0 1 2 4 0
0 0 0.1 78 0.945 0 0 0 0 0 5 0 1 1 -20 0 0.166666666666667 3 4 0
0 0 0.1 84 1.962 0 0 0 0 4 6 2 0 1 -20 0 1 2 4 0
0 0 0.1 90 0.958 0 0 0 0 0 5 0 1 1 -20 0 0.333333333333333 3 4 0
0 0 0.1 78 1.912 0 0 0 0 -4 6 2 0 1 -20 0 1 2 4 0
0 0 0.1 93 0.914 0 0 0 0 0 5 0 1 1 -20 0 0.333333333333333 3 4 0
0 0 0.1 102 1.942 0 0 0 0 6 6 2 0 1 -20 0 1 2 4 0
0 0 0.1 81 0.869 0 0 0 0 0 5 0 1 1 -20 0 0.5 3 4 0
0 0 0.1 84 1.632 0 0 0 0 -2 6 2 0 1 -20 0 1 2 4 0
0 0 0.1 99 0.917 0 0 0 0 0 5 0 1 1 -20 0 0.166666666666667 3 4 0
0 0 0.1 75 1.937 0 0 0 0 6 6 2 0 1 -20 0 1 2 4 0
0 0 0.1 87 1.179 0 0 0 0 0 5 0 1 1 -20 0 0.5 3 4 0
0 0 0.1 96 1.618 0 0 0 0 -4 6 2 0 1 -20 0 1 2 4 0
0 0 0.1 105 1.104 0 0 0 0 0 5 0 1 1 -20 0 0.333333333333333 3 4 0
0 0 0.1 75 1.719 0 0 0 0 2 6 2 0 1 -20 0 1 2 4 0
0 0 0.1 78 1.061 0 0 0 0 0 5 0 1 1 -20 0 0.166666666666667 3 4 0
0 0 0.1 96 1.634 0 0 0 0 -6 6 2 0 1 -20 0 1 2 4 0
0 0 0.1 84 1.191 0 0 0 0 0 5 0 1 1 -20 0 0.5 3 4 0
0 0 0.1 87 1.606 0 0 0 0 2 6 2 0 1 -20 0 1 2 4 0
0 0 0.1 90 1.016 0 0 0 0 0 5 0 1 1 -20 0 0.166666666666667 3 4 0
0 0 0.1 93 1.987 0 0 0 0 -2 6 2 0 1 -20 0 1 2 4 0
0 0 0.1 99 0.841 0 0 0 0 0 5 0 1 1 -20 0 0.166666666666667 3 4 0
0 0 0.1 102 1.703 0 0 0 0 2 6 2 0 1 -20 0 1 2 4 0
0 0 0.1 105 1.159 0 0 0 0 0 5 0 1 1 -20 0 0.166666666666667 3 4 0
0 0 0.1 81 1.756 0 0 0 0 -6 6 2 0 1 -20 0 1 2 4 0
0 0 0.1 93 1.118 0 0 0 0 0 5 0 1 1 -20 0 0.5 3 4 0
0 0 0.1 78 1.74 0 0 0 0 4 6 2 0 1 -20 0 1 2 4 0
0 0 0.1 90 0.856 0 0 0 0 0 5 0 1 1 -20 0 0.333333333333333 3 4 0
0 0 0.1 105 1.861 0 0 0 0 -2 6 2 0 1 -20 0 1 2 4 0
0 0 0.1 84 1.018 0 0 0 0 0 5 0 1 1 -20 0 0.166666666666667 3 4 0
0 0 0.1 96 1.979 0 0 0 0 6 6 2 0 1 -20 0 1 2 4 0
0 0 0.1 99 1.029 0 0 0 0 0 5 0 1 1 -20 0 0.5 3 4 0
0 0 0.1 87 1.982 0 0 0 0 -4 6 2 0 1 -20 0 1 2 4 0
0 0 0.1 75 1.113 0 0 0 0 0 5 0 1 1 -20 0 0.333333333333333 3 4 0
0 0 0.1 102 1.648 0 0 0 0 6 6 2 0 1 -20 0 1 2 4 0
0 0 0.1 81 1.135 0 0 0 0 0 5 0 1 1 -20 0 0.5 3 4 0
0 0 0.1 78 1.635 0 0 0 0 -4 6 2 0 1 -20 0 1 2 4 0
0 0 0.1 90 1.1 0 0 0 0 0 5 0 1 1 -20 0 0.333333333333333 3 4 0
0 0 0.1 102 1.627 0 0 0 0 4 6 2 0 1 -20 0 1 2 4 0
0 0 0.1 96 0.832 0 0 0 0 0 5 0 1 1 -20 0 0.333333333333333 3 4 0
0 0 0.1 81 1.643 0 0 0 0 -6 6 2 0 1 -20 0 1 2 4 0
0 0 0.1 87 0.963 0 0 0 0 0 5 0 1 1 -20 0 0.5 3 4 0
0 0 0.1 93 1.99 0 0 0 0 2 6 2 0 1 -20 0 1 2 4 0
0 0 0.1 84 0.866 0 0 0 0 0 5 0 1 1 -20 0 0.166666666666667 3 4 0
0 0 0.1 105 1.802 0 0 0 0 -6 6 2 0 1 -20 0 1 2 4 0
0 0 0.1 75 0.881 0 0 0 0 0 5 0 1 1 -20 0 0.5 3 4 0
0 0 0.1 99 1.68 0 0 0 0 4 6 2 0 1 -20 0 1 2 4 0
0 0 0.1 75 0.872 0 0 0 0 0 5 0 1 1 -20 0 0.333333333333333 3 4 0
0 0 0.1 87 1.71 0 0 0 0 -2 6 2 0 1 -20 0 1 2 4 0
0 0 0.1 90 0.853 0 0 0 0 0 5 0 1 1 -20 0 0.166666666666667 3 4 0
0 0 0.1 105 1.944 0 0 0 0 4 6 2 0 1 -20 0 1 2 4 0
0 0 0.1 78 1.059 0 0 0 0 0 5 0 1 1 -20 0 0.333333333333333 3 4 0
0 0 0.1 96 1.842 0 0 0 0 -4 6 2 0 1 -20 0 1 2 4 0
0 0 0.1 102 1.189 0 0 0 0 0 5 0 1 1 -20 0 0.333333333333333 3 4 0
0 0 0.1 84 1.751 0 0 0 0 6 6 2 0 1 -20 0 1 2 4 0
0 0 0.1 81 1.128 0 0 0 0 0 5 0 1 1 -20 0 0.5 3 4 0
0 0 0.1 93 1.691 0 0 0 0 -2 6 2 0 1 -20 0 1 2 4 0
0 0 0.1 99 0.883 0 0 0 0 0 5 0 1 1 -20 0 0.166666666666667 3 4 0
0 0 0.1 75 1.678 0 0 0 0 6 6 2 0 1 -20 0 1 2 4 0
0 0 0.1 87 0.897 0 0 0 0 0 5 0 1 1 -20 0 0.5 3 4 0
0 0 0.1 99 1.992 0 0 0 0 -4 6 2 0 1 -20 0 1 2 4 0
0 0 0.1 93 1.01 0 0 0 0 0 5 0 1 1 -20 0 0.333333333333333 3 4 0
0 0 0.1 78 1.931 0 0 0 0 2 6 2 0 1 -20 0 1 2 4 0
0 0 0.1 90 1.069 0 0 0 0 0 5 0 1 1 -20 0 0.166666666666667 3 4 0
0 0 0.1 102 1.992 0 0 0 0 -6 6 2 0 1 -20 0 1 2 4 0
0 0 0.1 81 0.824 0 0 0 0 0 5 0 1 1 -20 0 0.5 3 4 0
0 0 0.1 105 1.125 0 0 0 0 0 6 2 0 0 0 0 1 2 6 0
0 0 0.1 102 0.855 0 0 0 0 0 6 2 0 0 0 0 1 2 6 0
0 0 0.1 81 1.188 0 0 0 0 0 6 2 0 0 0 0 1 2 6 0
0 0 0.1 87 1.062 0 0 0 0 0 6 2 0 0 0 0 1 2 6 0
0 0 0.1 96 1.179 0 0 0 0 0 6 2 0 0 0 0 1 2 6 0
0 0 0.1 93 0.851 0 0 0 0 0 6 2 0 0 0 0 1 2 6 0
0 0 0.1 78 1.022 0 0 0 0 0 6 2 0 0 0 0 1 2 6 0
0 0 0.1 78 0.988 0 0 0 0 0 6 2 0 0 0 0 1 2 6 0
0 0 0.1 90 1.145 0 0 0 0 0 6 2 0 0 0 0 1 2 6 0
0 0 0.1 84 1.047 0 0 0 0 0 6 2 0 0 0 0 1 2 6 0
0 0 0.1 87 0.842 0 0 0 0 5 6 2 0 0 0 0 1 2 6 0
0 0 0.1 90 1.186 0 0 0 0 5 6 2 0 0 0 0 1 2 6 0
0 0 0.1 84 0.969 0 0 0 0 5 6 2 0 0 0 0 1 2 6 0
0 0 0.1 90 0.982 0 0 0 0 5 6 2 0 0 0 0 1 2 6 0
0 0 0.1 81 1.023 0 0 0 0 5 6 2 0 0 0 0 1 2 6 0
0 0 0.1 93 0.885 0 0 0 0 5 6 2 0 0 0 0 1 2 6 0
0 0 0.1 96 0.956 0 0 0 0 5 6 2 0 0 0 0 1 2 6 0
0 0 0.1 99 0.887 0 0 0 0 5 6 2 0 0 0 0 1 2 6 0
0 0 0.1 93 1.105 0 0 0 0 5 6 2 0 0 0 0 1 2 6 0
0 0 0.1 84 1.076 0 0 0 0 5 6 2 0 0 0 0 1 2 6 0
0 0 0.1 87 0.889 0 0 0 0 0 6 2 0 0 0 0 1 2 6 0
0 0 0.1 90 0.86 0 0 0 0 0 6 2 0 0 0 0 1 2 6 0
0 0 0.1 81 1.171 0 0 0 0 0 6 2 0 0 0 0 1 2 6 0
0 0 0.1 96 0.804 0 0 0 0 0 6 2 0 0 0 0 1 2 6 0
0 0 0.1 75 1.121 0 0 0 0 0 6 2 0 0 0 0 1 2 6 0
