0 0 0.1 105 1.125 0 0 0 0 0 4 2 0 0 0 0 1 2 6 0
0 0 0.1 102 0.855 0 0 0 0 0 4 2 0 0 0 0 1 2 6 0
0 0 0.1 81 1.188 0 0 0 0 0 4 2 0 0 0 0 1 2 6 0
0 0 0.1 87 1.062 0 0 0 0 0 4 2 0 0 0 0 1 2 6 0
0 0 0.1 96 1.179 0 0 0 0 0 4 2 0 0 0 0 1 2 6 0
0 0 0.1 93 0.851 0 0 0 0 0 4 2 0 0 0 0 1 2 6 0
0 0 0.1 78 1.022 0 0 0 0 0 4 2 0 0 0 0 1 2 6 0
0 0 0.1 78 0.988 0 0 0 0 0 4 2 0 0 0 0 1 2 6 0
0 0 0.1 90 1.145 0 0 0 0 0 4 2 0 0 0 0 1 2 6 0
0 0 0.1 84 1.047 0 0 0 0 0 4 2 0 0 0 0 1 2 6 0
0 0 0.1 87 0.842 0 0 0 0 5 4 2 0 0 0 0 1 2 6 0
0 0 0.1 90 1.186 0 0 0 0 5 4 2 0 0 0 0 1 2 6 0
0 0 0.1 84 0.969 0 0 0 0 5 4 2 0 0 0 0 1 2 6 0
0 0 0.1 90 0.982 0 0 0 0 5 4 2 0 0 0 0 1 2 6 0
0 0 0.1 81 1.023 0 0 0 0 5 4 2 0 0 0 0 1 2 6 0
0 0 0.1 93 0.885 0 0 0 0 5 4 2 0 0 0 0 1 2 6 0
0 0 0.1 96 0.956 0 0 0 0 5 4 2 0 0 0 0 1 2 6 0
0 0 0.1 99 0.887 0 0 0 0 5 4 2 0 0 0 0 1 2 6 0
0 0 0.1 93 1.105 0 0 0 0 5 4 2 0 0 0 0 1 2 6 0
0 0 0.1 84 1.076 0 0 0 0 5 4 2 0 0 0 0 1 2 6 0
0 0 0.1 87 0.889 0 0 0 0 0 4 2 0 0 0 0 1 2 6 0
0 0 0.1 90 0.86 0 0 0 0 0 4 2 0 0 0 0 1 2 6 0
0 0 0.1 81 1.171 0 0 0 0 0 4 2 0 0 0 0 1 2 6 0
0 0 0.1 96 0.804 0 0 0 0 0 4 2 0 0 0 0 1 2 6 0
0 0 0.1 75 1.121 0 0 0 0 0 4 2 0 0 0 0 1 2 6 0
0 0 0.1 87 0.815 0 0 0 0 2 6 2 0 1 -20 0 1 2 4 0
0 0 0.1 90 0.899 0 0 0 0 0 5 0 1 1 -20 0 0.166666666666667 3 4 0
0 0 0.1 102 1.192 0 0 0 0 -2 6 2 0 1 -20 0 1 2 4 0
0 0 0.1 96 1.155 0 0 0 0 0 5 0 1 1 -20 0 0.166666666666667 3 4 0
0 0 0.1 75 0.897 0 0 0 0 2 6 2 0 1 -20 0 1 2 4 0
0 0 0.1 105 1.103 0 0 0 0 0 5 0 1 1 -20 0 0.166666666666667 3 4 0
0 0 0.1 93 1.026 0 0 0 0 -6 6 2 0 1 -20 0 1 2 4 0
0 0 0.1 84 0.923 0 0 0 0 0 5 0 1 1 -20 0 0.5 3 4 0
0 0 0.1 99 1.078 0 0 0 0 4 6 2 0 1 -20 0 1 2 4 0
0 0 0.1 81 0.935 0 0 0 0 0 5 0 1 1 -20 0 0.333333333333333 3 4 0
0 0 0.1 78 0.883 0 0 0 0 -2 6 2 0 1 -20 0 1 2 4 0
0 0 0.1 105 1.168 0 0 0 0 0 5 0 1 1 -20 0 0.166666666666667 3 4 0
0 0 0.1 75 0.81 0 0 0 0 6 6 2 0 1 -20 0 1 2 4 0
0 0 0.1 81 1.186 0 0 0 0 0 5 0 1 1 -20 0 0.5 3 4 0
0 0 0.1 90 0.927 0 0 0 0 -4 6 2 0 1 -20 0 1 2 4 0
0 0 0.1 78 1.067 0 0 0 0 0 5 0 1 1 -20 0 0.333333333333333 3 4 0
0 0 0.1 99 1.014 0 0 0 0 6 6 2 0 1 -20 0 1 2 4 0
0 0 0.1 102 1.128 0 0 0 0 0 5 0 1 1 -20 0 0.5 3 4 0
0 0 0.1 93 0.875 0 0 0 0 -4 6 2 0 1 -20 0 1 2 4 0
0 0 0.1 87 0.96 0 0 0 0 0 5 0 1 1 -20 0 0.333333333333333 3 4 0
0 0 0.1 84 0.872 0 0 0 0 4 6 2 0 1 -20 0 1 2 4 0
0 0 0.1 96 0.915 0 0 0 0 0 5 0 1 1 -20 0 0.333333333333333 3 4 0
0 0 0.1 105 1.052 0 0 0 0 -6 6 2 0 1 -20 0 1 2 4 0
0 0 0.1 90 0.921 0 0 0 0 0 5 0 1 1 -20 0 0.5 3 4 0
0 0 0.1 99 0.978 0 0 0 0 2 6 2 0 1 -20 0 1 2 4 0
0 0 0.1 102 1.093 0 0 0 0 0 5 0 1 1 -20 0 0.166666666666667 3 4 0
0 0 0.1 87 1.068 0 0 0 0 -6 6 2 0 1 -20 0 1 2 4 0
0 0 0.1 96 0.925 0 0 0 0 0 5 0 1 1 -20 0 0.5 3 4 0
0 0 0.1 81 0.992 0 0 0 0 4 6 2 0 1 -20 0 1 2 4 0
0 0 0.1 75 0.917 0 0 0 0 0 5 0 1 1 -20 0 0.333333333333333 3 4 0
0 0 0.1 93 0.873 0 0 0 0 -2 6 2 0 1 -20 0 1 2 4 0
0 0 0.1 78 0.945 0 0 0 0 0 5 0 1 1 -20 0 0.166666666666667 3 4 0
0 0 0.1 84 1.162 0 0 0 0 4 6 2 0 1 -20 0 1 2 4 0
0 0 0.1 90 0.958 0 0 0 0 0 5 0 1 1 -20 0 0.333333333333333 3 4 0
0 0 0.1 78 1.112 0 0 0 0 -4 6 2 0 1 -20 0 1 2 4 0
0 0 0.1 93 0.914 0 0 0 0 0 5 0 1 1 -20 0 0.333333333333333 3 4 0
0 0 0.1 102 1.142 0 0 0 0 6 6 2 0 1 -20 0 1 2 4 0
0 0 0.1 81 0.869 0 0 0 0 0 5 0 1 1 -20 0 0.5 3 4 0
0 0 0.1 84 0.832 0 0 0 0 -2 6 2 0 1 -20 0 1 2 4 0
0 0 0.1 99 0.917 0 0 0 0 0 5 0 1 1 -20 0 0.166666666666667 3 4 0
0 0 0.1 75 1.137 0 0 0 0 6 6 2 0 1 -20 0 1 2 4 0
0 0 0.1 87 1.179 0 0 0 0 0 5 0 1 1 -20 0 0.5 3 4 0
0 0 0.1 96 0.818 0 0 0 0 -4 6 2 0 1 -20 0 1 2 4 0
0 0 0.1 105 1.104 0 0 0 0 0 5 0 1 1 -20 0 0.333333333333333 3 4 0
0 0 0.1 75 0.919 0 0 0 0 2 6 2 0 1 -20 0 1 2 4 0
0 0 0.1 78 1.061 0 0 0 0 0 5 0 1 1 -20 0 0.166666666666667 3 4 0
0 0 0.1 96 0.834 0 0 0 0 -6 6 2 0 1 -20 0 1 2 4 0
0 0 0.1 84 1.191 0 0 0 0 0 5 0 1 1 -20 0 0.5 3 4 0
0 0 0.1 87 0.806 0 0 0 0 2 6 2 0 1 -20 0 1 2 4 0
0 0 0.1 90 1.016 0 0 0 0 0 5 0 1 1 -20 0 0.166666666666667 3 4 0
0 0 0.1 93 1.187 0 0 0 0 -2 6 2 0 1 -20 0 1 2 4 0
0 0 0.1 99 0.841 0 0 0 0 0 5 0 1 1 -20 0 0.166666666666667 3 4 0
0 0 0.1 102 0.903 0 0 0 0 2 6 2 0 1 -20 0 1 2 4 0
0 0 0.1 105 1.159 0 0 0 0 0 5 0 1 1 -20 0 0.166666666666667 3 4 0
0 0 0.1 81 0.956 0 0 0 0 -6 6 2 0 1 -20 0 1 2 4 0
0 0 0.1 93 1.118 0 0 0 0 0 5 0 1 1 -20 0 0.5 3 4 0
0 0 0.1 78 0.94 0 0 0 0 4 6 2 0 1 -20 0 1 2 4 0
0 0 0.1 90 0.856 0 0 0 0 0 5 0 1 1 -20 0 0.333333333333333 3 4 0
0 0 0.1 105 1.061 0 0 0 0 -2 6 2 0 1 -20 0 1 2 4 0
0 0 0.1 84 1.018 0 0 0 0 0 5 0 1 1 -20 0 0.166666666666667 3 4 0
0 0 0.1 96 1.179 0 0 0 0 6 6 2 0 1 -20 0 1 2 4 0
0 0 0.1 99 1.029 0 0 0 0 0 5 0 1 1 -20 0 0.5 3 4 0
0 0 0.1 87 1.182 0 0 0 0 -4 6 2 0 1 -20 0 1 2 4 0
0 0 0.1 75 1.113 0 0 0 0 0 5 0 1 1 -20 0 0.333333333333333 3 4 0
0 0 0.1 102 0.848 0 0 0 0 6 6 2 0 1 -20 0 1 2 4 0
0 0 0.1 81 1.135 0 0 0 0 0 5 0 1 1 -20 0 0.5 3 4 0
0 0 0.1 78 0.835 0 0 0 0 -4 6 2 0 1 -20 0 1 2 4 0
0 0 0.1 90 1.1 0 0 0 0 0 5 0 1 1 -20 0 0.333333333333333 3 4 0
0 0 0.1 102 0.827 0 0 0 0 4 6 2 0 1 -20 0 1 2 4 0
0 0 0.1 96 0.832 0 0 0 0 0 5 0 1 1 -20 0 0.333333333333333 3 4 0
0 0 0.1 81 0.843 0 0 0 0 -6 6 2 0 1 -20 0 1 2 4 0
0 0 0.1 87 0.963 0 0 0 0 0 5 0 1 1 -20 0 0.5 3 4 0
0 0 0.1 93 1.19 0 0 0 0 2 6 2 0 1 -20 0 1 2 4 0
0 0 0.1 84 0.866 0 0 0 0 0 5 0 1 1 -20 0 0.166666666666667 3 4 0
0 0 0.1 105 1.002 0 0 0 0 -6 6 2 0 1 -20 0 1 2 4 0
0 0 0.1 75 0.881 0 0 0 0 0 5 0 1 1 -20 0 0.5 3 4 0
0 0 0.1 99 0.88 0 0 0 0 4 6 2 0 1 -20 0 1 2 4 0
0 0 0.1 75 0.872 0 0 0 0 0 5 0 1 1 -20 0 0.333333333333333 3 4 0
0 0 0.1 87 0.91 0 0 0 0 -2 6 2 0 1 -20 0 1 2 4 0
0 0 0.1 90 0.853 0 0 0 0 0 5 0 1 1 -20 0 0.166666666666667 3 4 0
0 0 0.1 105 1.144 0 0 0 0 4 6 2 0 1 -20 0 1 2 4 0
0 0 0.1 78 1.059 0 0 0 0 0 5 0 1 1 -20 0 0.333333333333333 3 4 0
0 0 0.1 96 1.042 0 0 0 0 -4 6 2 0 1 -20 0 1 2 4 0
0 0 0.1 102 1.189 0 0 0 0 0 5 0 1 1 -20 0 0.333333333333333 3 4 0
0 0 0.1 84 0.951 0 0 0 0 6 6 2 0 1 -20 0 1 2 4 0
0 0 0.1 81 1.128 0 0 0 0 0 5 0 1 1 -20 0 0.5 3 4 0
0 0 0.1 93 0.891 0 0 0 0 -2 6 2 0 1 -20 0 1 2 4 0
0 0 0.1 99 0.883 0 0 0 0 0 5 0 1 1 -20 0 0.166666666666667 3 4 0
0 0 0.1 75 0.878 0 0 0 0 6 6 2 0 1 -20 0 1 2 4 0
0 0 0.1 87 0.897 0 0 0 0 0 5 0 1 1 -20 0 0.5 3 4 0
0 0 0.1 99 1.192 0 0 0 0 -4 6 2 0 1 -20 0 1 2 4 0
0 0 0.1 93 1.01 0 0 0 0 0 5 0 1 1 -20 0 0.333333333333333 3 4 0
0 0 0.1 78 1.131 0 0 0 0 2 6 2 0 1 -20 0 1 2 4 0
0 0 0.1 90 1.069 0 0 0 0 0 5 0 1 1 -20 0 0.166666666666667 3 4 0
0 0 0.1 102 1.192 0 0 0 0 -6 6 2 0 1 -20 0 1 2 4 0
0 0 0.1 81 0.824 0 0 0 0 0 5 0 1 1 -20 0 0.5 3 4 0
0 0 0.1 105 1.125 0 0 0 0 0 4 2 0 0 0 0 1 2 6 0
0 0 0.1 102 0.855 0 0 0 0 0 4 2 0 0 0 0 1 2 6 0
0 0 0.1 81 1.188 0 0 0 0 0 4 2 0 0 0 0 1 2 6 0
0 0 0.1 87 1.062 0 0 0 0 0 4 2 0 0 0 0 1 2 6 0
0 0 0.1 96 1.179 0 0 0 0 0 4 2 0 0 0 0 1 2 6 0
0 0 0.1 93 0.851 0 0 0 0 0 4 2 0 0 0 0 1 2 6 0
0 0 0.1 78 1.022 0 0 0 0 0 4 2 0 0 0 0 1 2 6 0
0 0 0.1 78 0.988 0 0 0 0 0 4 2 0 0 0 0 1 2 6 0
0 0 0.1 90 1.145 0 0 0 0 0 4 2 0 0 0 0 1 2 6 0
0 0 0.1 84 1.047 0 0 0 0 0 4 2 0 0 0 0 1 2 6 0
0 0 0.1 87 0.842 0 0 0 0 5 4 2 0 0 0 0 1 2 6 0
0 0 0.1 90 1.186 0 0 0 0 5 4 2 0 0 0 0 1 2 6 0
0 0 0.1 84 0.969 0 0 0 0 5 4 2 0 0 0 0 1 2 6 0
0 0 0.1 90 0.982 0 0 0 0 5 4 2 0 0 0 0 1 2 6 0
0 0 0.1 81 1.023 0 0 0 0 5 4 2 0 0 0 0 1 2 6 0
0 0 0.1 93 0.885 0 0 0 0 5 4 2 0 0 0 0 1 2 6 0
0 0 0.1 96 0.956 0 0 0 0 5 4 2 0 0 0 0 1 2 6 0
0 0 0.1 99 0.887 0 0 0 0 5 4 2 0 0 0 0 1 2 6 0
0 0 0.1 93 1.105 0 0 0 0 5 4 2 0 0 0 0 1 2 6 0
0 0 0.1 84 1.076 0 0 0 0 5 4 2 0 0 0 0 1 2 6 0
0 0 0.1 87 0.889 0 0 0 0 0 4 2 0 0 0 0 1 2 6 0
0 0 0.1 90 0.86 0 0 0 0 0 4 2 0 0 0 0 1 2 6 0
0 0 0.1 81 1.171 0 0 0 0 0 4 2 0 0 0 0 1 2 6 0
0 0 0.1 96 0.804 0 0 0 0 0 4 2 0 0 0 0 1 2 6 0
0 0 0.1 75 1.121 0 0 0 0 0 4 2 0 0 0 0 1 2 6 0
0 0 0.1 87 0.815 0 0 0 0 2 6 2 0 1 -20 0 1 2 4 1
0 0 0.1 90 0.899 0 0 0 0 0 5 0 1 1 -20 0 0.166666666666667 3 4 0
0 0 0.1 102 1.192 0 0 0 0 -2 6 2 0 1 -20 0 1 2 4 0
0 0 0.1 96 1.155 0 0 0 0 0 5 0 1 1 -20 0 0.166666666666667 3 4 0
0 0 0.1 75 0.897 0 0 0 0 2 6 2 0 1 -20 0 1 2 4 0
0 0 0.1 105 1.103 0 0 0 0 0 5 0 1 1 -20 0 0.166666666666667 3 4 0
0 0 0.1 93 1.026 0 0 0 0 -6 6 2 0 1 -20 0 1 2 4 0
0 0 0.1 84 0.923 0 0 0 0 0 5 0 1 1 -20 0 0.5 3 4 0
0 0 0.1 99 1.078 0 0 0 0 4 6 2 0 1 -20 0 1 2 4 0
0 0 0.1 81 0.935 0 0 0 0 0 5 0 1 1 -20 0 0.333333333333333 3 4 0
0 0 0.1 78 0.883 0 0 0 0 -2 6 2 0 1 -20 0 1 2 4 0
0 0 0.1 105 1.168 0 0 0 0 0 5 0 1 1 -20 0 0.166666666666667 3 4 0
0 0 0.1 75 0.81 0 0 0 0 6 6 2 0 1 -20 0 1 2 4 0
0 0 0.1 81 1.186 0 0 0 0 0 5 0 1 1 -20 0 0.5 3 4 0
0 0 0.1 90 0.927 0 0 0 0 -4 6 2 0 1 -20 0 1 2 4 0
0 0 0.1 78 1.067 0 0 0 0 0 5 0 1 1 -20 0 0.333333333333333 3 4 0
0 0 0.1 99 1.014 0 0 0 0 6 6 2 0 1 -20 0 1 2 4 0
0 0 0.1 102 1.128 0 0 0 0 0 5 0 1 1 -20 0 0.5 3 4 0
0 0 0.1 93 0.875 0 0 0 0 -4 6 2 0 1 -20 0 1 2 4 0
0 0 0.1 87 0.96 0 0 0 0 0 5 0 1 1 -20 0 0.333333333333333 3 4 0
0 0 0.1 84 0.872 0 0 0 0 4 6 2 0 1 -20 0 1 2 4 0
0 0 0.1 96 0.915 0 0 0 0 0 5 0 1 1 -20 0 0.333333333333333 3 4 0
0 0 0.1 105 1.052 0 0 0 0 -6 6 2 0 1 -20 0 1 2 4 0
0 0 0.1 90 0.921 0 0 0 0 0 5 0 1 1 -20 0 0.5 3 4 0
0 0 0.1 99 0.978 0 0 0 0 2 6 2 0 1 -20 0 1 2 4 0
0 0 0.1 102 1.093 0 0 0 0 0 5 0 1 1 -20 0 0.166666666666667 3 4 0
0 0 0.1 87 1.068 0 0 0 0 -6 6 2 0 1 -20 0 1 2 4 0
0 0 0.1 96 0.925 0 0 0 0 0 5 0 1 1 -20 0 0.5 3 4 0
0 0 0.1 81 0.992 0 0 0 0 4 6 2 0 1 -20 0 1 2 4 0
0 0 0.1 75 0.917 0 0 0 0 0 5 0 1 1 -20 0 0.333333333333333 3 4 0
0 0 0.1 93 0.873 0 0 0 0 -2 6 2 0 1 -20 0 1 2 4 0
0 0 0.1 78 0.945 0 0 0 0 0 5 0 1 1 -20 0 0.166666666666667 3 4 0
0 0 0.1 84 1.162 0 0 0 0 4 6 2 0 1 -20 0 1 2 4 0
0 0 0.1 90 0.958 0 0 0 0 0 5 0 1 1 -20 0 0.333333333333333 3 4 0
0 0 0.1 78 1.112 0 0 0 0 -4 6 2 0 1 -20 0 1 2 4 0
0 0 0.1 93 0.914 0 0 0 0 0 5 0 1 1 -20 0 0.333333333333333 3 4 0
0 0 0.1 102 1.142 0 0 0 0 6 6 2 0 1 -20 0 1 2 4 0
0 0 0.1 81 0.869 0 0 0 0 0 5 0 1 1 -20 0 0.5 3 4 0
0 0 0.1 84 0.832 0 0 0 0 -2 6 2 0 1 -20 0 1 2 4 0
0 0 0.1 99 0.917 0 0 0 0 0 5 0 1 1 -20 0 0.166666666666667 3 4 0
0 0 0.1 75 1.137 0 0 0 0 6 6 2 0 1 -20 0 1 2 4 0
0 0 0.1 87 1.179 0 0 0 0 0 5 0 1 1 -20 0 0.5 3 4 0
0 0 0.1 96 0.818 0 0 0 0 -4 6 2 0 1 -20 0 1 2 4 0
0 0 0.1 105 1.104 0 0 0 0 0 5 0 1 1 -20 0 0.333333333333333 3 4 0
0 0 0.1 75 0.919 0 0 0 0 2 6 2 0 1 -20 0 1 2 4 0
0 0 0.1 78 1.061 0 0 0 0 0 5 0 1 1 -20 0 0.166666666666667 3 4 0
0 0 0.1 96 0.834 0 0 0 0 -6 6 2 0 1 -20 0 1 2 4 0
0 0 0.1 84 1.191 0 0 0 0 0 5 0 1 1 -20 0 0.5 3 4 0
0 0 0.1 87 0.806 0 0 0 0 2 6 2 0 1 -20 0 1 2 4 0
0 0 0.1 90 1.016 0 0 0 0 0 5 0 1 1 -20 0 0.166666666666667 3 4 0
0 0 0.1 93 1.187 0 0 0 0 -2 6 2 0 1 -20 0 1 2 4 0
0 0 0.1 99 0.841 0 0 0 0 0 5 0 1 1 -20 0 0.166666666666667 3 4 0
0 0 0.1 102 0.903 0 0 0 0 2 6 2 0 1 -20 0 1 2 4 0
0 0 0.1 105 1.159 0 0 0 0 0 5 0 1 1 -20 0 0.166666666666667 3 4 0
0 0 0.1 81 0.956 0 0 0 0 -6 6 2 0 1 -20 0 1 2 4 0
0 0 0.1 93 1.118 0 0 0 0 0 5 0 1 1 -20 0 0.5 3 4 0
0 0 0.1 78 0.94 0 0 0 0 4 6 2 0 1 -20 0 1 2 4 0
0 0 0.1 90 0.856 0 0 0 0 0 5 0 1 1 -20 0 0.333333333333333 3 4 0
0 0 0.1 105 1.061 0 0 0 0 -2 6 2 0 1 -20 0 1 2 4 0
0 0 0.1 84 1.018 0 0 0 0 0 5 0 1 1 -20 0 0.166666666666667 3 4 0
0 0 0.1 96 1.179 0 0 0 0 6 6 2 0 1 -20 0 1 2 4 0
0 0 0.1 99 1.029 0 0 0 0 0 5 0 1 1 -20 0 0.5 3 4 0
0 0 0.1 87 1.182 0 0 0 0 -4 6 2 0 1 -20 0 1 2 4 0
0 0 0.1 75 1.113 0 0 0 0 0 5 0 1 1 -20 0 0.333333333333333 3 4 0
0 0 0.1 102 0.848 0 0 0 0 6 6 2 0 1 -20 0 1 2 4 0
0 0 0.1 81 1.135 0 0 0 0 0 5 0 1 1 -20 0 0.5 3 4 0
0 0 0.1 78 0.835 0 0 0 0 -4 6 2 0 1 -20 0 1 2 4 0
0 0 0.1 90 1.1 0 0 0 0 0 5 0 1 1 -20 0 0.333333333333333 3 4 0
0 0 0.1 102 0.827 0 0 0 0 4 6 2 0 1 -20 0 1 2 4 0
0 0 0.1 96 0.832 0 0 0 0 0 5 0 1 1 -20 0 0.333333333333333 3 4 0
0 0 0.1 81 0.843 0 0 0 0 -6 6 2 0 1 -20 0 1 2 4 0
0 0 0.1 87 0.963 0 0 0 0 0 5 0 1 1 -20 0 0.5 3 4 0
0 0 0.1 93 1.19 0 0 0 0 2 6 2 0 1 -20 0 1 2 4 0
0 0 0.1 84 0.866 0 0 0 0 0 5 0 1 1 -20 0 0.166666666666667 3 4 0
0 0 0.1 105 1.002 0 0 0 0 -6 6 2 0 1 -20 0 1 2 4 0
0 0 0.1 75 0.881 0 0 0 0 0 5 0 1 1 -20 0 0.5 3 4 0
0 0 0.1 99 0.88 0 0 0 0 4 6 2 0 1 -20 0 1 2 4 0
0 0 0.1 75 0.872 0 0 0 0 0 5 0 1 1 -20 0 0.333333333333333 3 4 0
0 0 0.1 87 0.91 0 0 0 0 -2 6 2 0 1 -20 0 1 2 4 0
0 0 0.1 90 0.853 0 0 0 0 0 5 0 1 1 -20 0 0.166666666666667 3 4 0
0 0 0.1 105 1.144 0 0 0 0 4 6 2 0 1 -20 0 1 2 4 0
0 0 0.1 78 1.059 0 0 0 0 0 5 0 1 1 -20 0 0.333333333333333 3 4 0
0 0 0.1 96 1.042 0 0 0 0 -4 6 2 0 1 -20 0 1 2 4 0
0 0 0.1 102 1.189 0 0 0 0 0 5 0 1 1 -20 0 0.333333333333333 3 4 0
0 0 0.1 84 0.951 0 0 0 0 6 6 2 0 1 -20 0 1 2 4 0
0 0 0.1 81 1.128 0 0 0 0 0 5 0 1 1 -20 0 0.5 3 4 0
0 0 0.1 93 0.891 0 0 0 0 -2 6 2 0 1 -20 0 1 2 4 0
0 0 0.1 99 0.883 0 0 0 0 0 5 0 1 1 -20 0 0.166666666666667 3 4 0
0 0 0.1 75 0.878 0 0 0 0 6 6 2 0 1 -20 0 1 2 4 0
0 0 0.1 87 0.897 0 0 0 0 0 5 0 1 1 -20 0 0.5 3 4 0
0 0 0.1 99 1.192 0 0 0 0 -4 6 2 0 1 -20 0 1 2 4 0
0 0 0.1 93 1.01 0 0 0 0 0 5 0 1 1 -20 0 0.333333333333333 3 4 0
0 0 0.1 78 1.131 0 0 0 0 2 6 2 0 1 -20 0 1 2 4 0
0 0 0.1 90 1.069 0 0 0 0 0 5 0 1 1 -20 0 0.166666666666667 3 4 0
0 0 0.1 102 1.192 0 0 0 0 -6 6 2 0 1 -20 0 1 2 4 0
0 0 0.1 81 0.824 0 0 0 0 0 5 0 1 1 -20 0 0.5 3 4 0
0 0 0.1 105 1.125 0 0 0 0 0 4 2 0 0 0 0 1 2 6 0
0 0 0.1 102 0.855 0 0 0 0 0 4 2 0 0 0 0 1 2 6 0
0 0 0.1 81 1.188 0 0 0 0 0 4 2 0 0 0 0 1 2 6 0
0 0 0.1 87 1.062 0 0 0 0 0 4 2 0 0 0 0 1 2 6 0
0 0 0.1 96 1.179 0 0 0 0 0 4 2 0 0 0 0 1 2 6 0
0 0 0.1 93 0.851 0 0 0 0 0 4 2 0 0 0 0 1 2 6 0
0 0 0.1 78 1.022 0 0 0 0 0 4 2 0 0 0 0 1 2 6 0
0 0 0.1 78 0.988 0 0 0 0 0 4 2 0 0 0 0 1 2 6 0
0 0 0.1 90 1.145 0 0 0 0 0 4 2 0 0 0 0 1 2 6 0
0 0 0.1 84 1.047 0 0 0 0 0 4 2 0 0 0 0 1 2 6 0
0 0 0.1 87 0.842 0 0 0 0 5 4 2 0 0 0 0 1 2 6 0
0 0 0.1 90 1.186 0 0 0 0 5 4 2 0 0 0 0 1 2 6 0
0 0 0.1 84 0.969 0 0 0 0 5 4 2 0 0 0 0 1 2 6 0
0 0 0.1 90 0.982 0 0 0 0 5 4 2 0 0 0 0 1 2 6 0
0 0 0.1 81 1.023 0 0 0 0 5 4 2 0 0 0 0 1 2 6 0
0 0 0.1 93 0.885 0 0 0 0 5 4 2 0 0 0 0 1 2 6 0
0 0 0.1 96 0.956 0 0 0 0 5 4 2 0 0 0 0 1 2 6 0
0 0 0.1 99 0.887 0 0 0 0 5 4 2 0 0 0 0 1 2 6 0
0 0 0.1 93 1.105 0 0 0 0 5 4 2 0 0 0 0 1 2 6 0
0 0 0.1 84 1.076 0 0 0 0 5 4 2 0 0 0 0 1 2 6 0
0 0 0.1 87 0.889 0 0 0 0 0 4 2 0 0 0 0 1 2 6 0
0 0 0.1 90 0.86 0 0 0 0 0 4 2 0 0 0 0 1 2 6 0
0 0 0.1 81 1.171 0 0 0 0 0 4 2 0 0 0 0 1 2 6 0
0 0 0.1 96 0.804 0 0 0 0 0 4 2 0 0 0 0 1 2 6 0
0 0 0.1 75 1.121 0 0 0 0 0 4 2 0 0 0 0 1 2 6 0
