0 0 0.1 102 1.122 0 0 0 0 0 4 2 0 0 0 0 1 2 6 0
0 0 0.1 84 0.909 0 0 0 0 0 4 2 0 0 0 0 1 2 6 0
0 0 0.1 90 0.977 0 0 0 0 0 4 2 0 0 0 0 1 2 6 0
0 0 0.1 99 1.107 0 0 0 0 0 4 2 0 0 0 0 1 2 6 0
0 0 0.1 96 0.771 0 0 0 0 0 4 2 0 0 0 0 1 2 6 0
0 0 0.1 90 1.001 0 0 0 0 0 4 2 0 0 0 0 1 2 6 0
0 0 0.1 78 0.691 0 0 0 0 0 4 2 0 0 0 0 1 2 6 0
0 0 0.1 75 1.19 0 0 0 0 0 4 2 0 0 0 0 1 2 6 0
0 0 0.1 75 0.779 0 0 0 0 0 4 2 0 0 0 0 1 2 6 0
0 0 0.1 87 0.67 0 0 0 0 0 4 2 0 0 0 0 1 2 6 0
0 0 0.1 99 0.698 0 0 0 0 7 4 2 0 0 0 0 1 2 6 0
0 0 0.1 78 1.167 0 0 0 0 7 4 2 0 0 0 0 1 2 6 0
0 0 0.1 105 1.077 0 0 0 0 7 4 2 0 0 0 0 1 2 6 0
0 0 0.1 81 1.185 0 0 0 0 7 4 2 0 0 0 0 1 2 6 0
0 0 0.1 96 0.81 0 0 0 0 7 4 2 0 0 0 0 1 2 6 0
0 0 0.1 105 0.902 0 0 0 0 7 4 2 0 0 0 0 1 2 6 0
0 0 0.1 81 1.087 0 0 0 0 7 4 2 0 0 0 0 1 2 6 0
0 0 0.1 102 0.605 0 0 0 0 7 4 2 0 0 0 0 1 2 6 0
0 0 0.1 93 0.609 0 0 0 0 7 4 2 0 0 0 0 1 2 6 0
0 0 0.1 87 1.011 0 0 0 0 7 4 2 0 0 0 0 1 2 6 0
0 0 0.1 84 1.158 0 0 0 0 0 4 2 0 0 0 0 1 2 6 0
0 0 0.1 93 0.766 0 0 0 0 0 4 2 0 0 0 0 1 2 6 0
0 0 0.1 105 1.088 0 0 0 0 0 4 2 0 0 0 0 1 2 6 0
0 0 0.1 90 1.072 0 0 0 0 0 4 2 0 0 0 0 1 2 6 0
0 0 0.1 99 1.194 0 0 0 0 0 4 2 0 0 0 0 1 2 6 0
0 0 0.1 87 1.423 0 0 0 0 2 4 2 0 0 0 0 1 2 4 0
0 0 0.1 90 0.748 0 0 0 0 0 5 0 0 0 0 0 0.166666666666667 3 4 0
0 0 0.1 102 1.988 0 0 0 0 -2 4 2 0 0 0 0 1 2 4 0
0 0 0.1 96 1.132 0 0 0 0 0 5 0 0 0 0 0 0.166666666666667 3 4 0
0 0 0.1 75 1.545 0 0 0 0 -6 4 2 0 0 0 0 1 2 4 0
0 0 0.1 105 1.055 0 0 0 0 0 5 0 0 0 0 0 0.5 3 4 0
0 0 0.1 93 1.738 0 0 0 0 2 4 2 0 0 0 0 1 2 4 0
0 0 0.1 84 0.784 0 0 0 0 0 5 0 0 0 0 0 0.166666666666667 3 4 0
0 0 0.1 99 1.817 0 0 0 0 4 4 2 0 0 0 0 1 2 4 0
0 0 0.1 81 0.802 0 0 0 0 0 5 0 0 0 0 0 0.333333333333333 3 4 0
0 0 0.1 78 1.524 0 0 0 0 -2 4 2 0 0 0 0 1 2 4 0
0 0 0.1 105 1.152 0 0 0 0 0 5 0 0 0 0 0 0.166666666666667 3 4 0
0 0 0.1 75 1.414 0 0 0 0 6 4 2 0 0 0 0 1 2 4 0
0 0 0.1 81 1.179 0 0 0 0 0 5 0 0 0 0 0 0.5 3 4 0
0 0 0.1 90 1.59 0 0 0 0 6 4 2 0 0 0 0 1 2 4 0
0 0 0.1 78 1 0 0 0 0 0 5 0 0 0 0 0 0.5 3 4 0
0 0 0.1 99 1.721 0 0 0 0 4 4 2 0 0 0 0 1 2 4 0
0 0 0.1 102 1.091 0 0 0 0 0 5 0 0 0 0 0 0.333333333333333 3 4 0
0 0 0.1 93 1.512 0 0 0 0 -4 4 2 0 0 0 0 1 2 4 0
0 0 0.1 87 0.84 0 0 0 0 0 5 0 0 0 0 0 0.333333333333333 3 4 0
0 0 0.1 84 1.508 0 0 0 0 -4 4 2 0 0 0 0 1 2 4 0
0 0 0.1 96 0.772 0 0 0 0 0 5 0 0 0 0 0 0.333333333333333 3 4 0
0 0 0.1 105 1.778 0 0 0 0 -6 4 2 0 0 0 0 1 2 4 0
0 0 0.1 90 0.781 0 0 0 0 0 5 0 0 0 0 0 0.5 3 4 0
0 0 0.1 99 1.667 0 0 0 0 2 4 2 0 0 0 0 1 2 4 0
0 0 0.1 102 1.039 0 0 0 0 0 5 0 0 0 0 0 0.166666666666667 3 4 0
0 0 0.1 87 1.801 0 0 0 0 -2 4 2 0 0 0 0 1 2 4 0
0 0 0.1 96 0.787 0 0 0 0 0 5 0 0 0 0 0 0.166666666666667 3 4 0
0 0 0.1 81 1.688 0 0 0 0 -6 4 2 0 0 0 0 1 2 4 0
0 0 0.1 75 0.775 0 0 0 0 0 5 0 0 0 0 0 0.5 3 4 0
0 0 0.1 93 1.51 0 0 0 0 2 4 2 0 0 0 0 1 2 4 0
0 0 0.1 78 0.817 0 0 0 0 0 5 0 0 0 0 0 0.166666666666667 3 4 0
0 0 0.1 84 1.943 0 0 0 0 4 4 2 0 0 0 0 1 2 4 0
0 0 0.1 90 0.837 0 0 0 0 0 5 0 0 0 0 0 0.333333333333333 3 4 0
0 0 0.1 78 1.868 0 0 0 0 -2 4 2 0 0 0 0 1 2 4 0
0 0 0.1 93 0.771 0 0 0 0 0 5 0 0 0 0 0 0.166666666666667 3 4 0
0 0 0.1 102 1.913 0 0 0 0 6 4 2 0 0 0 0 1 2 4 0
0 0 0.1 81 0.704 0 0 0 0 0 5 0 0 0 0 0 0.5 3 4 0
0 0 0.1 84 1.448 0 0 0 0 6 4 2 0 0 0 0 1 2 4 0
0 0 0.1 99 0.776 0 0 0 0 0 5 0 0 0 0 0 0.5 3 4 0
0 0 0.1 75 1.905 0 0 0 0 4 4 2 0 0 0 0 1 2 4 0
0 0 0.1 87 1.168 0 0 0 0 0 5 0 0 0 0 0 0.333333333333333 3 4 0
0 0 0.1 96 1.427 0 0 0 0 -4 4 2 0 0 0 0 1 2 4 0
0 0 0.1 105 1.056 0 0 0 0 0 5 0 0 0 0 0 0.333333333333333 3 4 0
0 0 0.1 75 1.579 0 0 0 0 -4 4 2 0 0 0 0 1 2 4 0
0 0 0.1 78 0.991 0 0 0 0 0 5 0 0 0 0 0 0.333333333333333 3 4 0
0 0 0.1 96 1.451 0 0 0 0 -6 4 2 0 0 0 0 1 2 4 0
0 0 0.1 84 1.186 0 0 0 0 0 5 0 0 0 0 0 0.5 3 4 0
0 0 0.1 87 1.409 0 0 0 0 2 4 2 0 0 0 0 1 2 4 0
0 0 0.1 90 0.924 0 0 0 0 0 5 0 0 0 0 0 0.166666666666667 3 4 0
0 0 0.1 93 1.98 0 0 0 0 -2 4 2 0 0 0 0 1 2 4 0
0 0 0.1 99 0.661 0 0 0 0 0 5 0 0 0 0 0 0.166666666666667 3 4 0
0 0 0.1 102 1.555 0 0 0 0 -6 4 2 0 0 0 0 1 2 4 0
0 0 0.1 105 1.138 0 0 0 0 0 5 0 0 0 0 0 0.5 3 4 0
0 0 0.1 81 1.633 0 0 0 0 2 4 2 0 0 0 0 1 2 4 0
0 0 0.1 93 1.077 0 0 0 0 0 5 0 0 0 0 0 0.166666666666667 3 4 0
0 0 0.1 78 1.61 0 0 0 0 4 4 2 0 0 0 0 1 2 4 0
0 0 0.1 90 0.684 0 0 0 0 0 5 0 0 0 0 0 0.333333333333333 3 4 0
0 0 0.1 105 1.791 0 0 0 0 -2 4 2 0 0 0 0 1 2 4 0
0 0 0.1 84 0.927 0 0 0 0 0 5 0 0 0 0 0 0.166666666666667 3 4 0
0 0 0.1 96 1.968 0 0 0 0 6 4 2 0 0 0 0 1 2 4 0
0 0 0.1 99 0.944 0 0 0 0 0 5 0 0 0 0 0 0.5 3 4 0
0 0 0.1 87 1.973 0 0 0 0 6 4 2 0 0 0 0 1 2 4 0
0 0 0.1 75 1.069 0 0 0 0 0 5 0 0 0 0 0 0.5 3 4 0
0 0 0.1 102 1.471 0 0 0 0 4 4 2 0 0 0 0 1 2 4 0
0 0 0.1 81 1.103 0 0 0 0 0 5 0 0 0 0 0 0.333333333333333 3 4 0
0 0 0.1 78 1.453 0 0 0 0 -4 4 2 0 0 0 0 1 2 4 0
0 0 0.1 90 1.05 0 0 0 0 0 5 0 0 0 0 0 0.333333333333333 3 4 0
0 0 0.1 102 1.44 0 0 0 0 -4 4 2 0 0 0 0 1 2 4 0
0 0 0.1 96 0.647 0 0 0 0 0 5 0 0 0 0 0 0.333333333333333 3 4 0
0 0 0.1 81 1.464 0 0 0 0 -6 4 2 0 0 0 0 1 2 4 0
0 0 0.1 87 0.845 0 0 0 0 0 5 0 0 0 0 0 0.5 3 4 0
0 0 0.1 93 1.985 0 0 0 0 2 4 2 0 0 0 0 1 2 4 0
0 0 0.1 84 0.699 0 0 0 0 0 5 0 0 0 0 0 0.166666666666667 3 4 0
0 0 0.1 105 1.702 0 0 0 0 -2 4 2 0 0 0 0 1 2 4 0
0 0 0.1 75 0.721 0 0 0 0 0 5 0 0 0 0 0 0.166666666666667 3 4 0
0 0 0.1 99 1.52 0 0 0 0 -6 4 2 0 0 0 0 1 2 4 0
0 0 0.1 75 0.707 0 0 0 0 0 5 0 0 0 0 0 0.5 3 4 0
0 0 0.1 87 1.565 0 0 0 0 2 4 2 0 0 0 0 1 2 4 0
0 0 0.1 90 0.679 0 0 0 0 0 5 0 0 0 0 0 0.166666666666667 3 4 0
0 0 0.1 105 1.916 0 0 0 0 4 4 2 0 0 0 0 1 2 4 0
0 0 0.1 78 0.988 0 0 0 0 0 5 0 0 0 0 0 0.333333333333333 3 4 0
0 0 0.1 96 1.762 0 0 0 0 -2 4 2 0 0 0 0 1 2 4 0
0 0 0.1 102 1.184 0 0 0 0 0 5 0 0 0 0 0 0.166666666666667 3 4 0
0 0 0.1 84 1.626 0 0 0 0 6 4 2 0 0 0 0 1 2 4 0
0 0 0.1 81 1.092 0 0 0 0 0 5 0 0 0 0 0 0.5 3 4 0
0 0 0.1 93 1.537 0 0 0 0 6 4 2 0 0 0 0 1 2 4 0
0 0 0.1 99 0.724 0 0 0 0 0 5 0 0 0 0 0 0.5 3 4 0
0 0 0.1 75 1.517 0 0 0 0 4 4 2 0 0 0 0 1 2 4 0
0 0 0.1 87 0.745 0 0 0 0 0 5 0 0 0 0 0 0.333333333333333 3 4 0
0 0 0.1 99 1.988 0 0 0 0 -4 4 2 0 0 0 0 1 2 4 0
0 0 0.1 93 0.915 0 0 0 0 0 5 0 0 0 0 0 0.333333333333333 3 4 0
0 0 0.1 78 1.896 0 0 0 0 -4 4 2 0 0 0 0 1 2 4 0
0 0 0.1 90 1.003 0 0 0 0 0 5 0 0 0 0 0 0.333333333333333 3 4 0
0 0 0.1 102 1.987 0 0 0 0 -6 4 2 0 0 0 0 1 2 4 0
0 0 0.1 81 0.635 0 0 0 0 0 5 0 0 0 0 0 0.5 3 4 0
0 0 0.1 102 1.122 0 0 0 0 0 4 2 0 0 0 0 1 2 6 0
0 0 0.1 84 0.909 0 0 0 0 0 4 2 0 0 0 0 1 2 6 0
0 0 0.1 90 0.977 0 0 0 0 0 4 2 0 0 0 0 1 2 6 0
0 0 0.1 99 1.107 0 0 0 0 0 4 2 0 0 0 0 1 2 6 0
0 0 0.1 96 0.771 0 0 0 0 0 4 2 0 0 0 0 1 2 6 0
0 0 0.1 90 1.001 0 0 0 0 0 4 2 0 0 0 0 1 2 6 0
0 0 0.1 78 0.691 0 0 0 0 0 4 2 0 0 0 0 1 2 6 0
0 0 0.1 75 1.19 0 0 0 0 0 4 2 0 0 0 0 1 2 6 0
0 0 0.1 75 0.779 0 0 0 0 0 4 2 0 0 0 0 1 2 6 0
0 0 0.1 87 0.67 0 0 0 0 0 4 2 0 0 0 0 1 2 6 0
0 0 0.1 99 0.698 0 0 0 0 7 4 2 0 0 0 0 1 2 6 0
0 0 0.1 78 1.167 0 0 0 0 7 4 2 0 0 0 0 1 2 6 0
0 0 0.1 105 1.077 0 0 0 0 7 4 2 0 0 0 0 1 2 6 0
0 0 0.1 81 1.185 0 0 0 0 7 4 2 0 0 0 0 1 2 6 0
0 0 0.1 96 0.81 0 0 0 0 7 4 2 0 0 0 0 1 2 6 0
0 0 0.1 105 0.902 0 0 0 0 7 4 2 0 0 0 0 1 2 6 0
0 0 0.1 81 1.087 0 0 0 0 7 4 2 0 0 0 0 1 2 6 0
0 0 0.1 102 0.605 0 0 0 0 7 4 2 0 0 0 0 1 2 6 0
0 0 0.1 93 0.609 0 0 0 0 7 4 2 0 0 0 0 1 2 6 0
0 0 0.1 87 1.011 0 0 0 0 7 4 2 0 0 0 0 1 2 6 0
0 0 0.1 84 1.158 0 0 0 0 0 4 2 0 0 0 0 1 2 6 0
0 0 0.1 93 0.766 0 0 0 0 0 4 2 0 0 0 0 1 2 6 0
0 0 0.1 105 1.088 0 0 0 0 0 4 2 0 0 0 0 1 2 6 0
0 0 0.1 90 1.072 0 0 0 0 0 4 2 0 0 0 0 1 2 6 0
0 0 0.1 99 1.194 0 0 0 0 0 4 2 0 0 0 0 1 2 6 0
