0 0 0.1 87 1.916 0 0 0 0 2 4 2 0 1 -20 0 1 2 4 0
0 0 0.1 90 0.863 0 0 0 0 0 7 0 1 1 -20 0 0.166666666666667 3 4 0
0 0 0.1 102 1.633 0 0 0 0 -2 4 2 0 1 -20 0 1 2 4 0
0 0 0.1 96 0.877 0 0 0 0 0 7 0 1 1 -20 0 0.166666666666667 3 4 0
0 0 0.1 75 1.532 0 0 0 0 2 4 2 0 1 -20 0 1 2 4 0
0 0 0.1 105 0.64 0 0 0 0 0 7 0 1 1 -20 0 0.166666666666667 3 4 0
0 0 0.1 93 1.566 0 0 0 0 -6 4 2 0 1 -20 0 1 2 4 0
0 0 0.1 84 0.787 0 0 0 0 0 7 0 1 1 -20 0 0.5 3 4 0
0 0 0.1 99 1.426 0 0 0 0 4 4 2 0 1 -20 0 1 2 4 0
0 0 0.1 81 0.711 0 0 0 0 0 7 0 1 1 -20 0 0.333333333333333 3 4 0
0 0 0.1 78 1.511 0 0 0 0 -2 4 2 0 1 -20 0 1 2 4 0
0 0 0.1 105 1.054 0 0 0 0 0 7 0 1 1 -20 0 0.166666666666667 3 4 0
0 0 0.1 75 1.573 0 0 0 0 6 4 2 0 1 -20 0 1 2 4 0
0 0 0.1 81 1.121 0 0 0 0 0 7 0 1 1 -20 0 0.5 3 4 0
0 0 0.1 90 1.642 0 0 0 0 -4 4 2 0 1 -20 0 1 2 4 0
0 0 0.1 78 0.944 0 0 0 0 0 7 0 1 1 -20 0 0.333333333333333 3 4 0
0 0 0.1 99 1.611 0 0 0 0 6 4 2 0 1 -20 0 1 2 4 0
0 0 0.1 102 1.004 0 0 0 0 0 7 0 1 1 -20 0 0.5 3 4 0
0 0 0.1 93 1.416 0 0 0 0 -4 4 2 0 1 -20 0 1 2 4 0
0 0 0.1 87 0.841 0 0 0 0 0 7 0 1 1 -20 0 0.333333333333333 3 4 0
0 0 0.1 84 1.52 0 0 0 0 4 4 2 0 1 -20 0 1 2 4 0
0 0 0.1 96 1.114 0 0 0 0 0 7 0 1 1 -20 0 0.333333333333333 3 4 0
0 0 0.1 105 1.983 0 0 0 0 -6 4 2 0 1 -20 0 1 2 4 0
0 0 0.1 90 0.795 0 0 0 0 0 7 0 1 1 -20 0 0.5 3 4 0
0 0 0.1 99 1.84 0 0 0 0 2 4 2 0 1 -20 0 1 2 4 0
0 0 0.1 102 0.805 0 0 0 0 0 7 0 1 1 -20 0 0.166666666666667 3 4 0
0 0 0.1 87 1.987 0 0 0 0 -2 4 2 0 1 -20 0 1 2 4 0
0 0 0.1 96 0.839 0 0 0 0 0 7 0 1 1 -20 0 0.166666666666667 3 4 0
0 0 0.1 81 1.628 0 0 0 0 2 4 2 0 1 -20 0 1 2 4 0
0 0 0.1 75 0.937 0 0 0 0 0 7 0 1 1 -20 0 0.166666666666667 3 4 0
0 0 0.1 93 1.679 0 0 0 0 -6 4 2 0 1 -20 0 1 2 4 0
0 0 0.1 78 0.719 0 0 0 0 0 7 0 1 1 -20 0 0.5 3 4 0
0 0 0.1 84 1.657 0 0 0 0 4 4 2 0 1 -20 0 1 2 4 0
0 0 0.1 90 0.656 0 0 0 0 0 7 0 1 1 -20 0 0.333333333333333 3 4 0
0 0 0.1 78 1.47 0 0 0 0 -2 4 2 0 1 -20 0 1 2 4 0
0 0 0.1 93 0.865 0 0 0 0 0 7 0 1 1 -20 0 0.166666666666667 3 4 0
0 0 0.1 102 1.521 0 0 0 0 6 4 2 0 1 -20 0 1 2 4 0
0 0 0.1 81 0.857 0 0 0 0 0 7 0 1 1 -20 0 0.5 3 4 0
0 0 0.1 84 1.989 0 0 0 0 -4 4 2 0 1 -20 0 1 2 4 0
0 0 0.1 99 1.098 0 0 0 0 0 7 0 1 1 -20 0 0.333333333333333 3 4 0
0 0 0.1 75 1.573 0 0 0 0 6 4 2 0 1 -20 0 1 2 4 0
0 0 0.1 87 0.958 0 0 0 0 0 7 0 1 1 -20 0 0.5 3 4 0
0 0 0.1 96 1.94 0 0 0 0 -4 4 2 0 1 -20 0 1 2 4 0
0 0 0.1 105 0.873 0 0 0 0 0 7 0 1 1 -20 0 0.333333333333333 3 4 0
0 0 0.1 75 1.489 0 0 0 0 4 4 2 0 1 -20 0 1 2 4 0
0 0 0.1 78 0.678 0 0 0 0 0 7 0 1 1 -20 0 0.333333333333333 3 4 0
0 0 0.1 96 1.415 0 0 0 0 -6 4 2 0 1 -20 0 1 2 4 0
0 0 0.1 84 1.042 0 0 0 0 0 7 0 1 1 -20 0 0.5 3 4 0
0 0 0.1 102 1.122 0 0 0 0 0 4 2 0 0 0 0 1 2 6 0
0 0 0.1 84 0.909 0 0 0 0 0 4 2 0 0 0 0 1 2 6 0
0 0 0.1 90 0.977 0 0 0 0 0 4 2 0 0 0 0 1 2 6 0
0 0 0.1 99 1.107 0 0 0 0 0 4 2 0 0 0 0 1 2 6 0
0 0 0.1 96 0.771 0 0 0 0 0 4 2 0 0 0 0 1 2 6 0
0 0 0.1 90 1.001 0 0 0 0 0 4 2 0 0 0 0 1 2 6 0
0 0 0.1 78 0.691 0 0 0 0 0 4 2 0 0 0 0 1 2 6 0
0 0 0.1 75 1.19 0 0 0 0 0 4 2 0 0 0 0 1 2 6 0
0 0 0.1 75 0.779 0 0 0 0 0 4 2 0 0 0 0 1 2 6 0
0 0 0.1 87 0.67 0 0 0 0 0 4 2 0 0 0 0 1 2 6 0
0 0 0.1 99 0.698 0 0 0 0 5 4 2 0 0 0 0 1 2 6 0
0 0 0.1 78 1.167 0 0 0 0 5 4 2 0 0 0 0 1 2 6 0
0 0 0.1 105 1.077 0 0 0 0 5 4 2 0 0 0 0 1 2 6 0
0 0 0.1 81 1.185 0 0 0 0 5 4 2 0 0 0 0 1 2 6 0
0 0 0.1 96 0.81 0 0 0 0 5 4 2 0 0 0 0 1 2 6 0
0 0 0.1 105 0.902 0 0 0 0 5 4 2 0 0 0 0 1 2 6 0
0 0 0.1 81 1.087 0 0 0 0 5 4 2 0 0 0 0 1 2 6 0
0 0 0.1 102 0.605 0 0 0 0 5 4 2 0 0 0 0 1 2 6 0
0 0 0.1 93 0.609 0 0 0 0 5 4 2 0 0 0 0 1 2 6 0
0 0 0.1 87 1.011 0 0 0 0 5 4 2 0 0 0 0 1 2 6 0
0 0 0.1 84 1.158 0 0 0 0 0 4 2 0 0 0 0 1 2 6 0
0 0 0.1 93 0.766 0 0 0 0 0 4 2 0 0 0 0 1 2 6 0
0 0 0.1 105 1.088 0 0 0 0 0 4 2 0 0 0 0 1 2 6 0
0 0 0.1 90 1.072 0 0 0 0 0 4 2 0 0 0 0 1 2 6 0
0 0 0.1 99 1.194 0 0 0 0 0 4 2 0 0 0 0 1 2 6 0
