0 0 0.1 102 1.122 0 0 0 0 0 4 2 0 0 0 0 1 2 6 0
0 0 0.1 84 0.909 0 0 0 0 0 4 2 0 0 0 0 1 2 6 0
0 0 0.1 90 0.977 0 0 0 0 0 4 2 0 0 0 0 1 2 6 0
0 0 0.1 99 1.107 0 0 0 0 0 4 2 0 0 0 0 1 2 6 0
0 0 0.1 96 0.771 0 0 0 0 0 4 2 0 0 0 0 1 2 6 0
0 0 0.1 90 1.001 0 0 0 0 0 4 2 0 0 0 0 1 2 6 0
0 0 0.1 78 0.691 0 0 0 0 0 4 2 0 0 0 0 1 2 6 0
0 0 0.1 75 1.19 0 0 0 0 0 4 2 0 0 0 0 1 2 6 0
0 0 0.1 75 0.779 0 0 0 0 0 4 2 0 0 0 0 1 2 6 0
0 0 0.1 87 0.67 0 0 0 0 0 4 2 0 0 0 0 1 2 6 0
0 0 0.1 99 0.698 0 0 0 0 7 4 2 0 0 0 0 1 2 6 0
0 0 0.1 78 1.167 0 0 0 0 7 4 2 0 0 0 0 1 2 6 0
0 0 0.1 105 1.077 0 0 0 0 7 4 2 0 0 0 0 1 2 6 0
0 0 0.1 81 1.185 0 0 0 0 7 4 2 0 0 0 0 1 2 6 0
0 0 0.1 96 0.81 0 0 0 0 7 4 2 0 0 0 0 1 2 6 0
0 0 0.1 105 0.902 0 0 0 0 7 4 2 0 0 0 0 1 2 6 0
0 0 0.1 81 1.087 0 0 0 0 7 4 2 0 0 0 0 1 2 6 0
0 0 0.1 102 0.605 0 0 0 0 7 4 2 0 0 0 0 1 2 6 0
0 0 0.1 93 0.609 0 0 0 0 7 4 2 0 0 0 0 1 2 6 0
0 0 0.1 87 1.011 0 0 0 0 7 4 2 0 0 0 0 1 2 6 0
0 0 0.1 84 1.158 0 0 0 0 0 4 2 0 0 0 0 1 2 6 0
0 0 0.1 93 0.766 0 0 0 0 0 4 2 0 0 0 0 1 2 6 0
0 0 0.1 105 1.088 0 0 0 0 0 4 2 0 0 0 0 1 2 6 0
0 0 0.1 90 1.072 0 0 0 0 0 4 2 0 0 0 0 1 2 6 0
0 0 0.1 99 1.194 0 0 0 0 0 4 2 0 0 0 0 1 2 6 0
0 0 0.1 87 1.628 0 0 0 0 5 4 2 0 1 -20 0 0.5 2 4 0
0 0 0.1 90 0.569 0 0 0 0 0 7 0 1 1 -20 0 0.5 3 4 0
0 0 0.1 102 1.492 0 0 0 0 5 4 2 0 1 -20 0 0.5 2 4 0
0 0 0.1 96 0.609 0 0 0 0 0 7 0 1 1 -20 0 0.5 3 4 0
0 0 0.1 75 1.501 0 0 0 0 5 4 2 0 1 -20 0 0.5 2 4 0
0 0 0.1 105 0.462 0 0 0 0 0 7 0 1 1 -20 0 0.5 3 4 0
0 0 0.1 93 1.676 0 0 0 0 5 4 2 0 1 -20 0 0.5 2 4 0
0 0 0.1 84 0.407 0 0 0 0 0 7 0 1 1 -20 0 0.5 3 4 0
0 0 0.1 99 1.69 0 0 0 0 5 4 2 0 1 -20 0 0.5 2 4 0
0 0 0.1 81 0.495 0 0 0 0 0 7 0 1 1 -20 0 0.5 3 4 0
0 0 0.1 78 1.6 0 0 0 0 5 4 2 0 1 -20 0 0.5 2 4 0
0 0 0.1 105 0.561 0 0 0 0 0 7 0 1 1 -20 0 0.5 3 4 0
0 0 0.1 75 1.646 0 0 0 0 5 4 2 0 1 -20 0 0.5 2 4 0
0 0 0.1 81 0.456 0 0 0 0 0 7 0 1 1 -20 0 0.5 3 4 0
0 0 0.1 90 1.52 0 0 0 0 5 4 2 0 1 -20 0 0.5 2 4 0
0 0 0.1 78 0.454 0 0 0 0 0 7 0 1 1 -20 0 0.5 3 4 0
0 0 0.1 99 1.486 0 0 0 0 5 4 2 0 1 -20 0 0.5 2 4 0
0 0 0.1 102 0.589 0 0 0 0 0 7 0 1 1 -20 0 0.5 3 4 0
0 0 0.1 93 1.491 0 0 0 0 5 4 2 0 1 -20 0 0.5 2 4 0
0 0 0.1 87 0.534 0 0 0 0 0 7 0 1 1 -20 0 0.5 3 4 0
0 0 0.1 84 1.62 0 0 0 0 -5 4 2 0 1 -20 0 0.5 2 4 0
0 0 0.1 96 0.601 0 0 0 0 0 7 0 1 1 -20 0 0.5 3 4 0
0 0 0.1 105 1.494 0 0 0 0 -5 4 2 0 1 -20 0 0.5 2 4 0
0 0 0.1 90 0.544 0 0 0 0 0 7 0 1 1 -20 0 0.5 3 4 0
0 0 0.1 99 1.488 0 0 0 0 -5 4 2 0 1 -20 0 0.5 2 4 0
0 0 0.1 102 0.455 0 0 0 0 0 7 0 1 1 -20 0 0.5 3 4 0
0 0 0.1 87 1.509 0 0 0 0 -5 4 2 0 1 -20 0 0.5 2 4 0
0 0 0.1 96 0.672 0 0 0 0 0 7 0 1 1 -20 0 0.5 3 4 0
0 0 0.1 81 1.519 0 0 0 0 -5 4 2 0 1 -20 0 0.5 2 4 0
0 0 0.1 75 0.634 0 0 0 0 0 7 0 1 1 -20 0 0.5 3 4 0
0 0 0.1 93 1.486 0 0 0 0 -5 4 2 0 1 -20 0 0.5 2 4 0
0 0 0.1 78 0.657 0 0 0 0 0 7 0 1 1 -20 0 0.5 3 4 0
0 0 0.1 84 1.452 0 0 0 0 -5 4 2 0 1 -20 0 0.5 2 4 0
0 0 0.1 90 0.424 0 0 0 0 0 7 0 1 1 -20 0 0.5 3 4 0
0 0 0.1 78 1.488 0 0 0 0 -5 4 2 0 1 -20 0 0.5 2 4 0
0 0 0.1 93 0.653 0 0 0 0 0 7 0 1 1 -20 0 0.5 3 4 0
0 0 0.1 102 1.684 0 0 0 0 5 4 2 0 1 -20 0 0.5 2 4 0
0 0 0.1 81 0.414 0 0 0 0 0 7 0 1 1 -20 0 0.5 3 4 0
0 0 0.1 84 1.628 0 0 0 0 5 4 2 0 1 -20 0 0.5 2 4 0
0 0 0.1 99 0.49 0 0 0 0 0 7 0 1 1 -20 0 0.5 3 4 0
0 0 0.1 75 1.596 0 0 0 0 5 4 2 0 1 -20 0 0.5 2 4 0
0 0 0.1 87 0.426 0 0 0 0 0 7 0 1 1 -20 0 0.5 3 4 0
0 0 0.1 96 1.693 0 0 0 0 5 4 2 0 1 -20 0 0.5 2 4 0
0 0 0.1 105 0.405 0 0 0 0 0 7 0 1 1 -20 0 0.5 3 4 0
0 0 0.1 75 1.562 0 0 0 0 5 4 2 0 1 -20 0 0.5 2 4 0
0 0 0.1 78 0.69 0 0 0 0 0 7 0 1 1 -20 0 0.5 3 4 0
0 0 0.1 96 1.431 0 0 0 0 5 4 2 0 1 -20 0 0.5 2 4 0
0 0 0.1 84 0.478 0 0 0 0 0 7 0 1 1 -20 0 0.5 3 4 0
0 0 0.1 87 1.669 0 0 0 0 5 4 2 0 1 -20 0 0.5 2 4 0
0 0 0.1 90 0.517 0 0 0 0 0 7 0 1 1 -20 0 0.5 3 4 0
0 0 0.1 93 1.639 0 0 0 0 -5 4 2 0 1 -20 0 0.5 2 4 0
0 0 0.1 99 0.505 0 0 0 0 0 7 0 1 1 -20 0 0.5 3 4 0
0 0 0.1 102 1.442 0 0 0 0 -5 4 2 0 1 -20 0 0.5 2 4 0
0 0 0.1 105 0.596 0 0 0 0 0 7 0 1 1 -20 0 0.5 3 4 0
0 0 0.1 81 1.564 0 0 0 0 -5 4 2 0 1 -20 0 0.5 2 4 0
0 0 0.1 93 0.684 0 0 0 0 0 7 0 1 1 -20 0 0.5 3 4 0
0 0 0.1 78 1.572 0 0 0 0 -5 4 2 0 1 -20 0 0.5 2 4 0
0 0 0.1 90 0.687 0 0 0 0 0 7 0 1 1 -20 0 0.5 3 4 0
0 0 0.1 105 1.635 0 0 0 0 -5 4 2 0 1 -20 0 0.5 2 4 0
0 0 0.1 84 0.436 0 0 0 0 0 7 0 1 1 -20 0 0.5 3 4 0
0 0 0.1 96 1.652 0 0 0 0 -5 4 2 0 1 -20 0 0.5 2 4 0
0 0 0.1 99 0.427 0 0 0 0 0 7 0 1 1 -20 0 0.5 3 4 0
0 0 0.1 87 1.625 0 0 0 0 -5 4 2 0 1 -20 0 0.5 2 4 0
0 0 0.1 75 0.42 0 0 0 0 0 7 0 1 1 -20 0 0.5 3 4 0
0 0 0.1 102 1.424 0 0 0 0 5 4 2 0 1 -20 0 0.5 2 4 0
0 0 0.1 81 0.432 0 0 0 0 0 7 0 1 1 -20 0 0.5 3 4 0
0 0 0.1 78 1.523 0 0 0 0 5 4 2 0 1 -20 0 0.5 2 4 0
0 0 0.1 90 0.693 0 0 0 0 0 7 0 1 1 -20 0 0.5 3 4 0
0 0 0.1 102 1.45 0 0 0 0 5 4 2 0 1 -20 0 0.5 2 4 0
0 0 0.1 96 0.551 0 0 0 0 0 7 0 1 1 -20 0 0.5 3 4 0
0 0 0.1 81 1.461 0 0 0 0 5 4 2 0 1 -20 0 0.5 2 4 0
0 0 0.1 87 0.46 0 0 0 0 0 7 0 1 1 -20 0 0.5 3 4 0
0 0 0.1 93 1.454 0 0 0 0 5 4 2 0 1 -20 0 0.5 2 4 0
0 0 0.1 84 0.483 0 0 0 0 0 7 0 1 1 -20 0 0.5 3 4 0
0 0 0.1 105 1.44 0 0 0 0 5 4 2 0 1 -20 0 0.5 2 4 0
0 0 0.1 75 0.658 0 0 0 0 0 7 0 1 1 -20 0 0.5 3 4 0
0 0 0.1 99 1.594 0 0 0 0 5 4 2 0 1 -20 0 0.5 2 4 0
0 0 0.1 75 0.581 0 0 0 0 0 7 0 1 1 -20 0 0.5 3 4 0
0 0 0.1 87 1.692 0 0 0 0 5 4 2 0 1 -20 0 0.5 2 4 0
0 0 0.1 90 0.513 0 0 0 0 0 7 0 1 1 -20 0 0.5 3 4 0
0 0 0.1 105 1.646 0 0 0 0 -5 4 2 0 1 -20 0 0.5 2 4 0
0 0 0.1 78 0.469 0 0 0 0 0 7 0 1 1 -20 0 0.5 3 4 0
0 0 0.1 96 1.462 0 0 0 0 -5 4 2 0 1 -20 0 0.5 2 4 0
0 0 0.1 102 0.459 0 0 0 0 0 7 0 1 1 -20 0 0.5 3 4 0
0 0 0.1 84 1.473 0 0 0 0 -5 4 2 0 1 -20 0 0.5 2 4 0
0 0 0.1 81 0.694 0 0 0 0 0 7 0 1 1 -20 0 0.5 3 4 0
0 0 0.1 93 1.558 0 0 0 0 -5 4 2 0 1 -20 0 0.5 2 4 0
0 0 0.1 99 0.648 0 0 0 0 0 7 0 1 1 -20 0 0.5 3 4 0
0 0 0.1 75 1.602 0 0 0 0 -5 4 2 0 1 -20 0 0.5 2 4 0
0 0 0.1 87 0.694 0 0 0 0 0 7 0 1 1 -20 0 0.5 3 4 0
0 0 0.1 99 1.418 0 0 0 0 -5 4 2 0 1 -20 0 0.5 2 4 0
0 0 0.1 93 0.502 0 0 0 0 0 7 0 1 1 -20 0 0.5 3 4 0
0 0 0.1 78 1.404 0 0 0 0 -5 4 2 0 1 -20 0 0.5 2 4 0
0 0 0.1 90 0.509 0 0 0 0 0 7 0 1 1 -20 0 0.5 3 4 0
0 0 0.1 102 1.463 0 0 0 0 -5 4 2 0 1 -20 0 0.5 2 4 0
0 0 0.1 81 0.446 0 0 0 0 0 7 0 1 1 -20 0 0.5 3 4 0
0 0 0.1 105 1.681 0 0 0 0 -5 4 2 0 1 -20 0 0.5 2 4 0
0 0 0.1 96 0.521 0 0 0 0 0 7 0 1 1 -20 0 0.5 3 4 0
0 0 0.1 84 1.546 0 0 0 0 -5 4 2 0 1 -20 0 0.5 2 4 0
0 0 0.1 78 0.605 0 0 0 0 0 7 0 1 1 -20 0 0.5 3 4 0
0 0 0.1 102 1.122 0 0 0 0 0 4 2 0 0 0 0 1 2 6 0
0 0 0.1 84 0.909 0 0 0 0 0 4 2 0 0 0 0 1 2 6 0
0 0 0.1 90 0.977 0 0 0 0 0 4 2 0 0 0 0 1 2 6 0
0 0 0.1 99 1.107 0 0 0 0 0 4 2 0 0 0 0 1 2 6 0
0 0 0.1 96 0.771 0 0 0 0 0 4 2 0 0 0 0 1 2 6 0
0 0 0.1 90 1.001 0 0 0 0 0 4 2 0 0 0 0 1 2 6 0
0 0 0.1 78 0.691 0 0 0 0 0 4 2 0 0 0 0 1 2 6 0
0 0 0.1 75 1.19 0 0 0 0 0 4 2 0 0 0 0 1 2 6 0
0 0 0.1 75 0.779 0 0 0 0 0 4 2 0 0 0 0 1 2 6 0
0 0 0.1 87 0.67 0 0 0 0 0 4 2 0 0 0 0 1 2 6 0
0 0 0.1 99 0.698 0 0 0 0 7 4 2 0 0 0 0 1 2 6 0
0 0 0.1 78 1.167 0 0 0 0 7 4 2 0 0 0 0 1 2 6 0
0 0 0.1 105 1.077 0 0 0 0 7 4 2 0 0 0 0 1 2 6 0
0 0 0.1 81 1.185 0 0 0 0 7 4 2 0 0 0 0 1 2 6 0
0 0 0.1 96 0.81 0 0 0 0 7 4 2 0 0 0 0 1 2 6 0
0 0 0.1 105 0.902 0 0 0 0 7 4 2 0 0 0 0 1 2 6 0
0 0 0.1 81 1.087 0 0 0 0 7 4 2 0 0 0 0 1 2 6 0
0 0 0.1 102 0.605 0 0 0 0 7 4 2 0 0 0 0 1 2 6 0
0 0 0.1 93 0.609 0 0 0 0 7 4 2 0 0 0 0 1 2 6 0
0 0 0.1 87 1.011 0 0 0 0 7 4 2 0 0 0 0 1 2 6 0
0 0 0.1 84 1.158 0 0 0 0 0 4 2 0 0 0 0 1 2 6 0
0 0 0.1 93 0.766 0 0 0 0 0 4 2 0 0 0 0 1 2 6 0
0 0 0.1 105 1.088 0 0 0 0 0 4 2 0 0 0 0 1 2 6 0
0 0 0.1 90 1.072 0 0 0 0 0 4 2 0 0 0 0 1 2 6 0
0 0 0.1 99 1.194 0 0 0 0 0 4 2 0 0 0 0 1 2 6 0
