0 0 0.1 87 0.773 0 0 0 0 -5 4 2 0 1 -20 0 0.5 2 4 0
0 0 0.1 90 0.958 0 0 0 0 0 5 0 0 1 -20 0 0.5 3 4 0
0 0 0.1 102 1.14 0 0 0 0 0 5 0 0 1 -20 0 0.5 3 4 0
0 0 0.1 96 0.873 0 0 0 0 0 5 0 0 1 -20 0 0.5 3 4 0
0 0 0.1 75 0.689 0 0 0 0 0 5 0 0 1 -20 0 0.5 3 4 0
0 0 0.1 105 0.678 0 0 0 0 0 5 0 0 1 -20 0 0.5 3 4 0
0 0 0.1 93 0.615 0 0 0 0 0 5 0 1 1 -20 0 0.5 3 4 0
0 0 0.1 84 1.042 0 0 0 0 5 4 2 0 1 -20 0 0.5 2 4 0
0 0 0.1 99 0.825 0 0 0 0 0 5 0 0 1 -20 0 0.5 3 4 0
0 0 0.1 81 0.945 0 0 0 0 0 5 0 0 1 -20 0 0.5 3 4 0
0 0 0.1 78 1.096 0 0 0 0 0 5 0 0 1 -20 0 0.5 3 4 0
0 0 0.1 105 1.089 0 0 0 0 0 5 0 0 1 -20 0 0.5 3 4 0
0 0 0.1 75 1.124 0 0 0 0 0 5 0 0 1 -20 0 0.5 3 4 0
0 0 0.1 81 0.667 0 0 0 0 0 5 0 1 1 -20 0 0.5 3 4 0
0 0 0.1 90 1.172 0 0 0 0 -5 4 2 0 1 -20 0 0.5 2 4 0
0 0 0.1 78 0.942 0 0 0 0 0 5 0 0 1 -20 0 0.5 3 4 0
0 0 0.1 99 0.623 0 0 0 0 0 5 0 0 1 -20 0 0.5 3 4 0
0 0 0.1 102 0.748 0 0 0 0 0 5 0 0 1 -20 0 0.5 3 4 0
0 0 0.1 93 1.188 0 0 0 0 0 5 0 0 1 -20 0 0.5 3 4 0
0 0 0.1 87 1.132 0 0 0 0 0 5 0 0 1 -20 0 0.5 3 4 0
0 0 0.1 84 0.745 0 0 0 0 0 5 0 1 1 -20 0 0.5 3 4 0
0 0 0.1 96 1.055 0 0 0 0 -5 4 2 0 1 -20 0 0.5 2 4 0
0 0 0.1 105 0.938 0 0 0 0 0 5 0 0 1 -20 0 0.5 3 4 0
0 0 0.1 90 0.784 0 0 0 0 0 5 0 0 1 -20 0 0.5 3 4 0
0 0 0.1 99 1.017 0 0 0 0 0 5 0 0 1 -20 0 0.5 3 4 0
0 0 0.1 102 0.802 0 0 0 0 0 5 0 0 1 -20 0 0.5 3 4 0
0 0 0.1 87 0.724 0 0 0 0 0 5 0 0 1 -20 0 0.5 3 4 0
0 0 0.1 96 1.152 0 0 0 0 0 5 0 1 1 -20 0 0.5 3 4 0
0 0 0.1 81 0.614 0 0 0 0 5 4 2 0 1 -20 0 0.5 2 4 0
0 0 0.1 75 1.179 0 0 0 0 0 5 0 0 1 -20 0 0.5 3 4 0
0 0 0.1 93 0.79 0 0 0 0 0 5 0 0 1 -20 0 0.5 3 4 0
0 0 0.1 78 1 0 0 0 0 0 5 0 0 1 -20 0 0.5 3 4 0
0 0 0.1 84 0.921 0 0 0 0 0 5 0 0 1 -20 0 0.5 3 4 0
0 0 0.1 90 1.091 0 0 0 0 0 5 0 0 1 -20 0 0.5 3 4 0
0 0 0.1 78 0.712 0 0 0 0 0 5 0 1 1 -20 0 0.5 3 4 0
0 0 0.1 93 0.84 0 0 0 0 5 4 2 0 1 -20 0 0.5 2 4 0
0 0 0.1 102 0.708 0 0 0 0 0 5 0 0 1 -20 0 0.5 3 4 0
0 0 0.1 81 0.772 0 0 0 0 0 5 0 0 1 -20 0 0.5 3 4 0
0 0 0.1 84 0.978 0 0 0 0 0 5 0 0 1 -20 0 0.5 3 4 0
0 0 0.1 99 0.781 0 0 0 0 0 5 0 0 1 -20 0 0.5 3 4 0
0 0 0.1 75 0.867 0 0 0 0 0 5 0 0 1 -20 0 0.5 3 4 0
0 0 0.1 87 1.039 0 0 0 0 0 5 0 1 1 -20 0 0.5 3 4 0
0 0 0.1 96 1.001 0 0 0 0 -5 4 2 0 1 -20 0 0.5 2 4 0
0 0 0.1 105 0.787 0 0 0 0 0 5 0 0 1 -20 0 0.5 3 4 0
0 0 0.1 75 0.888 0 0 0 0 0 5 0 0 1 -20 0 0.5 3 4 0
0 0 0.1 78 0.775 0 0 0 0 0 5 0 0 1 -20 0 0.5 3 4 0
0 0 0.1 96 0.71 0 0 0 0 0 5 0 0 1 -20 0 0.5 3 4 0
0 0 0.1 84 0.817 0 0 0 0 0 5 0 0 1 -20 0 0.5 3 4 0
0 0 0.1 87 1.143 0 0 0 0 0 5 0 1 1 -20 0 0.5 3 4 0
0 0 0.1 90 0.837 0 0 0 0 5 4 2 0 1 -20 0 0.5 2 4 0
0 0 0.1 93 1.068 0 0 0 0 0 5 0 0 1 -20 0 0.5 3 4 0
0 0 0.1 99 0.771 0 0 0 0 0 5 0 0 1 -20 0 0.5 3 4 0
0 0 0.1 102 1.113 0 0 0 0 0 5 0 0 1 -20 0 0.5 3 4 0
0 0 0.1 105 0.704 0 0 0 0 0 5 0 0 1 -20 0 0.5 3 4 0
0 0 0.1 81 0.648 0 0 0 0 0 5 0 0 1 -20 0 0.5 3 4 0
0 0 0.1 93 0.776 0 0 0 0 0 5 0 1 1 -20 0 0.5 3 4 0
0 0 0.1 78 1.105 0 0 0 0 -5 4 2 0 1 -20 0 0.5 2 4 0
0 0 0.1 90 1.168 0 0 0 0 0 5 0 0 1 -20 0 0.5 3 4 0
0 0 0.1 105 0.627 0 0 0 0 0 5 0 0 1 -20 0 0.5 3 4 0
0 0 0.1 84 1.056 0 0 0 0 0 5 0 0 1 -20 0 0.5 3 4 0
0 0 0.1 96 0.779 0 0 0 0 0 5 0 0 1 -20 0 0.5 3 4 0
0 0 0.1 99 0.991 0 0 0 0 0 5 0 0 1 -20 0 0.5 3 4 0
0 0 0.1 87 0.651 0 0 0 0 0 5 0 1 1 -20 0 0.5 3 4 0
0 0 0.1 75 1.186 0 0 0 0 5 4 2 0 1 -20 0 0.5 2 4 0
0 0 0.1 102 0.609 0 0 0 0 0 5 0 0 1 -20 0 0.5 3 4 0
0 0 0.1 81 0.924 0 0 0 0 0 5 0 0 1 -20 0 0.5 3 4 0
0 0 0.1 78 1.18 0 0 0 0 0 5 0 0 1 -20 0 0.5 3 4 0
0 0 0.1 90 0.661 0 0 0 0 0 5 0 0 1 -20 0 0.5 3 4 0
0 0 0.1 102 0.755 0 0 0 0 0 5 0 0 1 -20 0 0.5 3 4 0
0 0 0.1 96 1.138 0 0 0 0 0 5 0 1 1 -20 0 0.5 3 4 0
0 0 0.1 81 0.833 0 0 0 0 -5 4 2 0 1 -20 0 0.5 2 4 0
0 0 0.1 87 1.077 0 0 0 0 0 5 0 0 1 -20 0 0.5 3 4 0
0 0 0.1 93 0.81 0 0 0 0 0 5 0 0 1 -20 0 0.5 3 4 0
0 0 0.1 84 0.684 0 0 0 0 0 5 0 0 1 -20 0 0.5 3 4 0
0 0 0.1 105 0.991 0 0 0 0 0 5 0 0 1 -20 0 0.5 3 4 0
0 0 0.1 75 0.927 0 0 0 0 0 5 0 0 1 -20 0 0.5 3 4 0
0 0 0.1 99 1.168 0 0 0 0 0 5 0 1 1 -20 0 0.5 3 4 0
0 0 0.1 75 0.944 0 0 0 0 5 4 2 0 1 -20 0 0.5 2 4 0
0 0 0.1 87 1.173 0 0 0 0 0 5 0 0 1 -20 0 0.5 3 4 0
0 0 0.1 90 1.069 0 0 0 0 0 5 0 0 1 -20 0 0.5 3 4 0
0 0 0.1 105 0.671 0 0 0 0 0 5 0 0 1 -20 0 0.5 3 4 0
0 0 0.1 78 1.103 0 0 0 0 0 5 0 0 1 -20 0 0.5 3 4 0
0 0 0.1 96 0.653 0 0 0 0 0 5 0 0 1 -20 0 0.5 3 4 0
0 0 0.1 102 1.05 0 0 0 0 0 5 0 1 1 -20 0 0.5 3 4 0
0 0 0.1 102 1.122 0 0 0 0 0 4 2 0 0 0 0 1 2 6 0
0 0 0.1 84 0.909 0 0 0 0 0 4 2 0 0 0 0 1 2 6 0
0 0 0.1 90 0.977 0 0 0 0 0 4 2 0 0 0 0 1 2 6 0
0 0 0.1 99 1.107 0 0 0 0 0 4 2 0 0 0 0 1 2 6 0
0 0 0.1 96 0.771 0 0 0 0 0 4 2 0 0 0 0 1 2 6 0
0 0 0.1 90 1.001 0 0 0 0 0 4 2 0 0 0 0 1 2 6 0
0 0 0.1 78 0.691 0 0 0 0 0 4 2 0 0 0 0 1 2 6 0
0 0 0.1 75 1.19 0 0 0 0 0 4 2 0 0 0 0 1 2 6 0
0 0 0.1 75 0.779 0 0 0 0 0 4 2 0 0 0 0 1 2 6 0
0 0 0.1 87 0.67 0 0 0 0 0 4 2 0 0 0 0 1 2 6 0
0 0 0.1 99 0.698 0 0 0 0 7 4 2 0 0 0 0 1 2 6 0
0 0 0.1 78 1.167 0 0 0 0 7 4 2 0 0 0 0 1 2 6 0
0 0 0.1 105 1.077 0 0 0 0 7 4 2 0 0 0 0 1 2 6 0
0 0 0.1 81 1.185 0 0 0 0 7 4 2 0 0 0 0 1 2 6 0
0 0 0.1 96 0.81 0 0 0 0 7 4 2 0 0 0 0 1 2 6 0
0 0 0.1 105 0.902 0 0 0 0 7 4 2 0 0 0 0 1 2 6 0
0 0 0.1 81 1.087 0 0 0 0 7 4 2 0 0 0 0 1 2 6 0
0 0 0.1 102 0.605 0 0 0 0 7 4 2 0 0 0 0 1 2 6 0
0 0 0.1 93 0.609 0 0 0 0 7 4 2 0 0 0 0 1 2 6 0
0 0 0.1 87 1.011 0 0 0 0 7 4 2 0 0 0 0 1 2 6 0
0 0 0.1 84 1.158 0 0 0 0 0 4 2 0 0 0 0 1 2 6 0
0 0 0.1 93 0.766 0 0 0 0 0 4 2 0 0 0 0 1 2 6 0
0 0 0.1 105 1.088 0 0 0 0 0 4 2 0 0 0 0 1 2 6 0
0 0 0.1 90 1.072 0 0 0 0 0 4 2 0 0 0 0 1 2 6 0
0 0 0.1 99 1.194 0 0 0 0 0 4 2 0 0 0 0 1 2 6 0
