0 0 0.1 90 1.122 0 0 0 0 0 4 2 0 0 0 0 1 2 6 0
0 0 0.1 90 0.909 0 0 0 0 0 4 2 0 0 0 0 1 2 6 0
0 0 0.1 90 0.977 0 0 0 0 0 4 2 0 0 0 0 1 2 6 0
0 0 0.1 90 1.107 0 0 0 0 0 4 2 0 0 0 0 1 2 6 0
0 0 0.1 90 0.771 0 0 0 0 0 4 2 0 0 0 0 1 2 6 0
0 0 0.1 90 1.001 0 0 0 0 0 4 2 0 0 0 0 1 2 6 0
0 0 0.1 90 0.691 0 0 0 0 0 4 2 0 0 0 0 1 2 6 0
0 0 0.1 90 1.19 0 0 0 0 0 4 2 0 0 0 0 1 2 6 0
0 0 0.1 90 0.779 0 0 0 0 0 4 2 0 0 0 0 1 2 6 0
0 0 0.1 90 0.67 0 0 0 0 0 4 2 0 0 0 0 1 2 6 0
0 0 0.1 90 0.698 0 0 0 0 7 4 2 0 0 0 0 1 2 6 0
0 0 0.1 90 1.167 0 0 0 0 7 4 2 0 0 0 0 1 2 6 0
0 0 0.1 90 1.077 0 0 0 0 7 4 2 0 0 0 0 1 2 6 0
0 0 0.1 90 1.185 0 0 0 0 7 4 2 0 0 0 0 1 2 6 0
0 0 0.1 90 0.81 0 0 0 0 7 4 2 0 0 0 0 1 2 6 0
0 0 0.1 90 0.902 0 0 0 0 7 4 2 0 0 0 0 1 2 6 0
0 0 0.1 90 1.087 0 0 0 0 7 4 2 0 0 0 0 1 2 6 0
0 0 0.1 90 0.605 0 0 0 0 7 4 2 0 0 0 0 1 2 6 0
0 0 0.1 90 0.609 0 0 0 0 7 4 2 0 0 0 0 1 2 6 0
0 0 0.1 90 1.011 0 0 0 0 7 4 2 0 0 0 0 1 2 6 0
0 0 0.1 90 1.158 0 0 0 0 0 4 2 0 0 0 0 1 2 6 0
0 0 0.1 90 0.766 0 0 0 0 0 4 2 0 0 0 0 1 2 6 0
0 0 0.1 90 1.088 0 0 0 0 0 4 2 0 0 0 0 1 2 6 0
0 0 0.1 90 1.072 0 0 0 0 0 4 2 0 0 0 0 1 2 6 0
0 0 0.1 90 1.194 0 0 0 0 0 4 2 0 0 0 0 1 2 6 0
0 0 0.1 87 1.272 0 0 0 0 0 4 2 0 1 -20 0 0.5 2 4 0
0 0 0.1 90 1.394 0 0 0 0 0 4 2 0 1 -20 0 0.5 2 4 0
0 0 0.1 102 1.169 0 0 0 0 0 4 2 0 1 -20 0 0.5 2 4 0
0 0 0.1 96 1.227 0 0 0 0 0 4 2 0 1 -20 0 0.5 2 4 0
0 0 0.1 75 1.263 0 0 0 0 -3.5 4 2 0 1 -20 0 0.5 2 4 0
0 0 0.1 105 1.333 0 0 0 0 0 5 0 1 1 -20 0 0.5 3 4 0
0 0 0.1 93 1.176 0 0 0 0 0 4 2 0 1 -20 0 0.5 2 4 0
0 0 0.1 84 0.957 0 0 0 0 0 4 2 0 1 -20 0 0.5 2 4 0
0 0 0.1 99 1.316 0 0 0 0 0 4 2 0 1 -20 0 0.5 2 4 0
0 0 0.1 81 1.063 0 0 0 0 0 4 2 0 1 -20 0 0.5 2 4 0
0 0 0.1 78 1.033 0 0 0 0 0 4 2 0 1 -20 0 0.5 2 4 0
0 0 0.1 105 1.077 0 0 0 0 3.5 4 2 0 1 -20 0 0.5 2 4 0
0 0 0.1 75 0.932 0 0 0 0 0 5 0 1 1 -20 0 0.5 3 4 0
0 0 0.1 81 0.84 0 0 0 0 0 4 2 0 1 -20 0 0.5 2 4 0
0 0 0.1 90 0.966 0 0 0 0 0 4 2 0 1 -20 0 0.5 2 4 0
0 0 0.1 78 0.987 0 0 0 0 0 4 2 0 1 -20 0 0.5 2 4 0
0 0 0.1 99 0.826 0 0 0 0 0 4 2 0 1 -20 0 0.5 2 4 0
0 0 0.1 102 0.911 0 0 0 0 0 4 2 0 1 -20 0 0.5 2 4 0
0 0 0.1 93 0.911 0 0 0 0 -3.5 4 2 0 1 -20 0 0.5 2 4 0
0 0 0.1 87 1.254 0 0 0 0 0 5 0 1 1 -20 0 0.5 3 4 0
0 0 0.1 84 0.973 0 0 0 0 0 4 2 0 1 -20 0 0.5 2 4 0
0 0 0.1 96 1.321 0 0 0 0 0 4 2 0 1 -20 0 0.5 2 4 0
0 0 0.1 105 1.042 0 0 0 0 0 4 2 0 1 -20 0 0.5 2 4 0
0 0 0.1 90 1.144 0 0 0 0 0 4 2 0 1 -20 0 0.5 2 4 0
0 0 0.1 99 1.011 0 0 0 0 0 4 2 0 1 -20 0 0.5 2 4 0
0 0 0.1 102 1.204 0 0 0 0 0 4 2 0 1 -20 0 0.5 2 4 0
0 0 0.1 87 0.816 0 0 0 0 -3.5 4 2 0 1 -20 0 0.5 2 4 0
0 0 0.1 96 1.041 0 0 0 0 0 5 0 1 1 -20 0 0.5 3 4 0
0 0 0.1 81 0.92 0 0 0 0 0 4 2 0 1 -20 0 0.5 2 4 0
0 0 0.1 75 1.314 0 0 0 0 0 4 2 0 1 -20 0 0.5 2 4 0
0 0 0.1 93 1.383 0 0 0 0 0 4 2 0 1 -20 0 0.5 2 4 0
0 0 0.1 78 0.995 0 0 0 0 0 4 2 0 1 -20 0 0.5 2 4 0
0 0 0.1 84 1.24 0 0 0 0 0 4 2 0 1 -20 0 0.5 2 4 0
0 0 0.1 90 1.005 0 0 0 0 0 4 2 0 1 -20 0 0.5 2 4 0
0 0 0.1 78 1.387 0 0 0 0 3.5 4 2 0 1 -20 0 0.5 2 4 0
0 0 0.1 93 1.039 0 0 0 0 0 5 0 1 1 -20 0 0.5 3 4 0
0 0 0.1 102 1.028 0 0 0 0 0 4 2 0 1 -20 0 0.5 2 4 0
0 0 0.1 81 1.137 0 0 0 0 0 4 2 0 1 -20 0 0.5 2 4 0
0 0 0.1 84 1.079 0 0 0 0 0 4 2 0 1 -20 0 0.5 2 4 0
0 0 0.1 99 0.919 0 0 0 0 0 4 2 0 1 -20 0 0.5 2 4 0
0 0 0.1 75 1.057 0 0 0 0 3.5 4 2 0 1 -20 0 0.5 2 4 0
0 0 0.1 87 0.856 0 0 0 0 0 5 0 1 1 -20 0 0.5 3 4 0
0 0 0.1 90 1.122 0 0 0 0 0 4 2 0 0 0 0 1 2 6 0
0 0 0.1 90 0.909 0 0 0 0 0 4 2 0 0 0 0 1 2 6 0
0 0 0.1 90 0.977 0 0 0 0 0 4 2 0 0 0 0 1 2 6 0
0 0 0.1 90 1.107 0 0 0 0 0 4 2 0 0 0 0 1 2 6 0
0 0 0.1 90 0.771 0 0 0 0 0 4 2 0 0 0 0 1 2 6 0
0 0 0.1 90 1.001 0 0 0 0 0 4 2 0 0 0 0 1 2 6 0
0 0 0.1 90 0.691 0 0 0 0 0 4 2 0 0 0 0 1 2 6 0
0 0 0.1 90 1.19 0 0 0 0 0 4 2 0 0 0 0 1 2 6 0
0 0 0.1 90 0.779 0 0 0 0 0 4 2 0 0 0 0 1 2 6 0
0 0 0.1 90 0.67 0 0 0 0 0 4 2 0 0 0 0 1 2 6 0
0 0 0.1 90 0.698 0 0 0 0 7 4 2 0 0 0 0 1 2 6 0
0 0 0.1 90 1.167 0 0 0 0 7 4 2 0 0 0 0 1 2 6 0
0 0 0.1 90 1.077 0 0 0 0 7 4 2 0 0 0 0 1 2 6 0
0 0 0.1 90 1.185 0 0 0 0 7 4 2 0 0 0 0 1 2 6 0
0 0 0.1 90 0.81 0 0 0 0 7 4 2 0 0 0 0 1 2 6 0
0 0 0.1 90 0.902 0 0 0 0 7 4 2 0 0 0 0 1 2 6 0
0 0 0.1 90 1.087 0 0 0 0 7 4 2 0 0 0 0 1 2 6 0
0 0 0.1 90 0.605 0 0 0 0 7 4 2 0 0 0 0 1 2 6 0
0 0 0.1 90 0.609 0 0 0 0 7 4 2 0 0 0 0 1 2 6 0
0 0 0.1 90 1.011 0 0 0 0 7 4 2 0 0 0 0 1 2 6 0
0 0 0.1 90 1.158 0 0 0 0 0 4 2 0 0 0 0 1 2 6 0
0 0 0.1 90 0.766 0 0 0 0 0 4 2 0 0 0 0 1 2 6 0
0 0 0.1 90 1.088 0 0 0 0 0 4 2 0 0 0 0 1 2 6 0
0 0 0.1 90 1.072 0 0 0 0 0 4 2 0 0 0 0 1 2 6 0
0 0 0.1 90 1.194 0 0 0 0 0 4 2 0 0 0 0 1 2 6 0
0 0 0.1 87 1.272 0 0 0 0 0 4 2 0 1 -20 0 0.5 2 4 0
0 0 0.1 90 1.394 0 0 0 0 0 4 2 0 1 -20 0 0.5 2 4 0
0 0 0.1 102 1.169 0 0 0 0 0 4 2 0 1 -20 0 0.5 2 4 0
0 0 0.1 96 1.227 0 0 0 0 0 4 2 0 1 -20 0 0.5 2 4 0
0 0 0.1 75 1.263 0 0 0 0 -3.5 4 2 0 1 -20 0 0.5 2 4 0
0 0 0.1 105 1.333 0 0 0 0 0 5 0 1 1 -20 0 0.5 3 4 0
0 0 0.1 93 1.176 0 0 0 0 0 4 2 0 1 -20 0 0.5 2 4 0
0 0 0.1 84 0.957 0 0 0 0 0 4 2 0 1 -20 0 0.5 2 4 0
0 0 0.1 99 1.316 0 0 0 0 0 4 2 0 1 -20 0 0.5 2 4 0
0 0 0.1 81 1.063 0 0 0 0 0 4 2 0 1 -20 0 0.5 2 4 0
0 0 0.1 78 1.033 0 0 0 0 0 4 2 0 1 -20 0 0.5 2 4 0
0 0 0.1 105 1.077 0 0 0 0 3.5 4 2 0 1 -20 0 0.5 2 4 0
0 0 0.1 75 0.932 0 0 0 0 0 5 0 1 1 -20 0 0.5 3 4 0
0 0 0.1 81 0.84 0 0 0 0 0 4 2 0 1 -20 0 0.5 2 4 0
0 0 0.1 90 0.966 0 0 0 0 0 4 2 0 1 -20 0 0.5 2 4 0
0 0 0.1 78 0.987 0 0 0 0 0 4 2 0 1 -20 0 0.5 2 4 0
0 0 0.1 99 0.826 0 0 0 0 0 4 2 0 1 -20 0 0.5 2 4 0
0 0 0.1 102 0.911 0 0 0 0 0 4 2 0 1 -20 0 0.5 2 4 0
0 0 0.1 93 0.911 0 0 0 0 -3.5 4 2 0 1 -20 0 0.5 2 4 0
0 0 0.1 87 1.254 0 0 0 0 0 5 0 1 1 -20 0 0.5 3 4 0
0 0 0.1 84 0.973 0 0 0 0 0 4 2 0 1 -20 0 0.5 2 4 0
0 0 0.1 96 1.321 0 0 0 0 0 4 2 0 1 -20 0 0.5 2 4 0
0 0 0.1 105 1.042 0 0 0 0 0 4 2 0 1 -20 0 0.5 2 4 0
0 0 0.1 90 1.144 0 0 0 0 0 4 2 0 1 -20 0 0.5 2 4 0
0 0 0.1 99 1.011 0 0 0 0 0 4 2 0 1 -20 0 0.5 2 4 0
0 0 0.1 102 1.204 0 0 0 0 0 4 2 0 1 -20 0 0.5 2 4 0
0 0 0.1 87 0.816 0 0 0 0 -3.5 4 2 0 1 -20 0 0.5 2 4 0
0 0 0.1 96 1.041 0 0 0 0 0 5 0 1 1 -20 0 0.5 3 4 0
0 0 0.1 81 0.92 0 0 0 0 0 4 2 0 1 -20 0 0.5 2 4 0
0 0 0.1 75 1.314 0 0 0 0 0 4 2 0 1 -20 0 0.5 2 4 0
0 0 0.1 93 1.383 0 0 0 0 0 4 2 0 1 -20 0 0.5 2 4 0
0 0 0.1 78 0.995 0 0 0 0 0 4 2 0 1 -20 0 0.5 2 4 0
0 0 0.1 84 1.24 0 0 0 0 0 4 2 0 1 -20 0 0.5 2 4 0
0 0 0.1 90 1.005 0 0 0 0 0 4 2 0 1 -20 0 0.5 2 4 0
0 0 0.1 78 1.387 0 0 0 0 3.5 4 2 0 1 -20 0 0.5 2 4 0
0 0 0.1 93 1.039 0 0 0 0 0 5 0 1 1 -20 0 0.5 3 4 0
0 0 0.1 102 1.028 0 0 0 0 0 4 2 0 1 -20 0 0.5 2 4 0
0 0 0.1 81 1.137 0 0 0 0 0 4 2 0 1 -20 0 0.5 2 4 0
0 0 0.1 84 1.079 0 0 0 0 0 4 2 0 1 -20 0 0.5 2 4 0
0 0 0.1 99 0.919 0 0 0 0 0 4 2 0 1 -20 0 0.5 2 4 0
0 0 0.1 75 1.057 0 0 0 0 3.5 4 2 0 1 -20 0 0.5 2 4 0
0 0 0.1 87 0.856 0 0 0 0 0 5 0 1 1 -20 0 0.5 3 4 0
0 0 0.1 90 1.122 0 0 0 0 0 4 2 0 0 0 0 1 2 6 0
0 0 0.1 90 0.909 0 0 0 0 0 4 2 0 0 0 0 1 2 6 0
0 0 0.1 90 0.977 0 0 0 0 0 4 2 0 0 0 0 1 2 6 0
0 0 0.1 90 1.107 0 0 0 0 0 4 2 0 0 0 0 1 2 6 0
0 0 0.1 90 0.771 0 0 0 0 0 4 2 0 0 0 0 1 2 6 0
0 0 0.1 90 1.001 0 0 0 0 0 4 2 0 0 0 0 1 2 6 0
0 0 0.1 90 0.691 0 0 0 0 0 4 2 0 0 0 0 1 2 6 0
0 0 0.1 90 1.19 0 0 0 0 0 4 2 0 0 0 0 1 2 6 0
0 0 0.1 90 0.779 0 0 0 0 0 4 2 0 0 0 0 1 2 6 0
0 0 0.1 90 0.67 0 0 0 0 0 4 2 0 0 0 0 1 2 6 0
0 0 0.1 90 0.698 0 0 0 0 7 4 2 0 0 0 0 1 2 6 0
0 0 0.1 90 1.167 0 0 0 0 7 4 2 0 0 0 0 1 2 6 0
0 0 0.1 90 1.077 0 0 0 0 7 4 2 0 0 0 0 1 2 6 0
0 0 0.1 90 1.185 0 0 0 0 7 4 2 0 0 0 0 1 2 6 0
0 0 0.1 90 0.81 0 0 0 0 7 4 2 0 0 0 0 1 2 6 0
0 0 0.1 90 0.902 0 0 0 0 7 4 2 0 0 0 0 1 2 6 0
0 0 0.1 90 1.087 0 0 0 0 7 4 2 0 0 0 0 1 2 6 0
0 0 0.1 90 0.605 0 0 0 0 7 4 2 0 0 0 0 1 2 6 0
0 0 0.1 90 0.609 0 0 0 0 7 4 2 0 0 0 0 1 2 6 0
0 0 0.1 90 1.011 0 0 0 0 7 4 2 0 0 0 0 1 2 6 0
0 0 0.1 90 1.158 0 0 0 0 0 4 2 0 0 0 0 1 2 6 0
0 0 0.1 90 0.766 0 0 0 0 0 4 2 0 0 0 0 1 2 6 0
0 0 0.1 90 1.088 0 0 0 0 0 4 2 0 0 0 0 1 2 6 0
0 0 0.1 90 1.072 0 0 0 0 0 4 2 0 0 0 0 1 2 6 0
0 0 0.1 90 1.194 0 0 0 0 0 4 2 0 0 0 0 1 2 6 0
0 0 0.1 87 1.272 0 0 0 0 0 4 2 0 1 -20 0 0.5 2 4 0
0 0 0.1 90 1.394 0 0 0 0 0 4 2 0 1 -20 0 0.5 2 4 0
0 0 0.1 102 1.169 0 0 0 0 0 4 2 0 1 -20 0 0.5 2 4 0
0 0 0.1 96 1.227 0 0 0 0 0 4 2 0 1 -20 0 0.5 2 4 0
0 0 0.1 75 1.263 0 0 0 0 -3.5 4 2 0 1 -20 0 0.5 2 4 0
0 0 0.1 105 1.333 0 0 0 0 0 5 0 1 1 -20 0 0.5 3 4 0
0 0 0.1 93 1.176 0 0 0 0 0 4 2 0 1 -20 0 0.5 2 4 0
0 0 0.1 84 0.957 0 0 0 0 0 4 2 0 1 -20 0 0.5 2 4 0
0 0 0.1 99 1.316 0 0 0 0 0 4 2 0 1 -20 0 0.5 2 4 0
0 0 0.1 81 1.063 0 0 0 0 0 4 2 0 1 -20 0 0.5 2 4 0
0 0 0.1 78 1.033 0 0 0 0 0 4 2 0 1 -20 0 0.5 2 4 0
0 0 0.1 105 1.077 0 0 0 0 3.5 4 2 0 1 -20 0 0.5 2 4 0
0 0 0.1 75 0.932 0 0 0 0 0 5 0 1 1 -20 0 0.5 3 4 0
0 0 0.1 81 0.84 0 0 0 0 0 4 2 0 1 -20 0 0.5 2 4 0
0 0 0.1 90 0.966 0 0 0 0 0 4 2 0 1 -20 0 0.5 2 4 0
0 0 0.1 78 0.987 0 0 0 0 0 4 2 0 1 -20 0 0.5 2 4 0
0 0 0.1 99 0.826 0 0 0 0 0 4 2 0 1 -20 0 0.5 2 4 0
0 0 0.1 102 0.911 0 0 0 0 0 4 2 0 1 -20 0 0.5 2 4 0
0 0 0.1 93 0.911 0 0 0 0 -3.5 4 2 0 1 -20 0 0.5 2 4 0
0 0 0.1 87 1.254 0 0 0 0 0 5 0 1 1 -20 0 0.5 3 4 0
0 0 0.1 84 0.973 0 0 0 0 0 4 2 0 1 -20 0 0.5 2 4 0
0 0 0.1 96 1.321 0 0 0 0 0 4 2 0 1 -20 0 0.5 2 4 0
0 0 0.1 105 1.042 0 0 0 0 0 4 2 0 1 -20 0 0.5 2 4 0
0 0 0.1 90 1.144 0 0 0 0 0 4 2 0 1 -20 0 0.5 2 4 0
0 0 0.1 99 1.011 0 0 0 0 0 4 2 0 1 -20 0 0.5 2 4 0
0 0 0.1 102 1.204 0 0 0 0 0 4 2 0 1 -20 0 0.5 2 4 0
0 0 0.1 87 0.816 0 0 0 0 -3.5 4 2 0 1 -20 0 0.5 2 4 0
0 0 0.1 96 1.041 0 0 0 0 0 5 0 1 1 -20 0 0.5 3 4 0
0 0 0.1 81 0.92 0 0 0 0 0 4 2 0 1 -20 0 0.5 2 4 0
0 0 0.1 75 1.314 0 0 0 0 0 4 2 0 1 -20 0 0.5 2 4 0
0 0 0.1 93 1.383 0 0 0 0 0 4 2 0 1 -20 0 0.5 2 4 0
0 0 0.1 78 0.995 0 0 0 0 0 4 2 0 1 -20 0 0.5 2 4 0
0 0 0.1 84 1.24 0 0 0 0 0 4 2 0 1 -20 0 0.5 2 4 0
0 0 0.1 90 1.005 0 0 0 0 0 4 2 0 1 -20 0 0.5 2 4 0
0 0 0.1 78 1.387 0 0 0 0 3.5 4 2 0 1 -20 0 0.5 2 4 0
0 0 0.1 93 1.039 0 0 0 0 0 5 0 1 1 -20 0 0.5 3 4 0
0 0 0.1 102 1.028 0 0 0 0 0 4 2 0 1 -20 0 0.5 2 4 0
0 0 0.1 81 1.137 0 0 0 0 0 4 2 0 1 -20 0 0.5 2 4 0
0 0 0.1 84 1.079 0 0 0 0 0 4 2 0 1 -20 0 0.5 2 4 0
0 0 0.1 99 0.919 0 0 0 0 0 4 2 0 1 -20 0 0.5 2 4 0
0 0 0.1 75 1.057 0 0 0 0 3.5 4 2 0 1 -20 0 0.5 2 4 0
0 0 0.1 87 0.856 0 0 0 0 0 5 0 1 1 -20 0 0.5 3 4 0
0 0 0.1 90 1.122 0 0 0 0 0 4 2 0 0 0 0 1 2 6 0
0 0 0.1 90 0.909 0 0 0 0 0 4 2 0 0 0 0 1 2 6 0
0 0 0.1 90 0.977 0 0 0 0 0 4 2 0 0 0 0 1 2 6 0
0 0 0.1 90 1.107 0 0 0 0 0 4 2 0 0 0 0 1 2 6 0
0 0 0.1 90 0.771 0 0 0 0 0 4 2 0 0 0 0 1 2 6 0
0 0 0.1 90 1.001 0 0 0 0 0 4 2 0 0 0 0 1 2 6 0
0 0 0.1 90 0.691 0 0 0 0 0 4 2 0 0 0 0 1 2 6 0
0 0 0.1 90 1.19 0 0 0 0 0 4 2 0 0 0 0 1 2 6 0
0 0 0.1 90 0.779 0 0 0 0 0 4 2 0 0 0 0 1 2 6 0
0 0 0.1 90 0.67 0 0 0 0 0 4 2 0 0 0 0 1 2 6 0
0 0 0.1 90 0.698 0 0 0 0 7 4 2 0 0 0 0 1 2 6 0
0 0 0.1 90 1.167 0 0 0 0 7 4 2 0 0 0 0 1 2 6 0
0 0 0.1 90 1.077 0 0 0 0 7 4 2 0 0 0 0 1 2 6 0
0 0 0.1 90 1.185 0 0 0 0 7 4 2 0 0 0 0 1 2 6 0
0 0 0.1 90 0.81 0 0 0 0 7 4 2 0 0 0 0 1 2 6 0
0 0 0.1 90 0.902 0 0 0 0 7 4 2 0 0 0 0 1 2 6 0
0 0 0.1 90 1.087 0 0 0 0 7 4 2 0 0 0 0 1 2 6 0
0 0 0.1 90 0.605 0 0 0 0 7 4 2 0 0 0 0 1 2 6 0
0 0 0.1 90 0.609 0 0 0 0 7 4 2 0 0 0 0 1 2 6 0
0 0 0.1 90 1.011 0 0 0 0 7 4 2 0 0 0 0 1 2 6 0
0 0 0.1 90 1.158 0 0 0 0 0 4 2 0 0 0 0 1 2 6 0
0 0 0.1 90 0.766 0 0 0 0 0 4 2 0 0 0 0 1 2 6 0
0 0 0.1 90 1.088 0 0 0 0 0 4 2 0 0 0 0 1 2 6 0
0 0 0.1 90 1.072 0 0 0 0 0 4 2 0 0 0 0 1 2 6 0
0 0 0.1 90 1.194 0 0 0 0 0 4 2 0 0 0 0 1 2 6 0
