0 0 0.1 90 1.122 0 0 0 0 0 1 2 0 0 0 0 1 2 6
0 0 0.1 95 0.909 0 0 0 0 0 0 0 0 0 0 0 1 3 6
0 0 0.1 90 0.977 0 0 0 0 0 1 2 0 0 0 0 1 2 6
0 0 0.1 95 1.107 0 0 0 0 0 0 0 0 0 0 0 1 3 6
0 0 0.1 90 0.771 0 0 0 0 0 1 2 0 0 0 0 1 2 6
0 0 0.1 95 1.001 0 0 0 0 0 0 0 0 0 0 0 1 3 6
0 0 0.1 90 0.691 0 0 0 0 0 1 2 0 0 0 0 1 2 6
0 0 0.1 85 1.19 0 0 0 0 0 0 0 0 0 0 0 1 3 6
0 0 0.1 90 0.779 0 0 0 0 0 1 2 0 0 0 0 1 2 6
0 0 0.1 90 0.67 0 0 0 0 0 0 0 0 0 0 0 1 3 6
0 0 0.1 90 0.698 0 0 0 0 7 1 2 0 0 0 0 1 2 6
0 0 0.1 90 1.167 0 0 0 0 0 0 0 0 0 0 0 1 3 6
0 0 0.1 90 1.077 0 0 0 0 7 1 2 0 0 0 0 1 2 6
0 0 0.1 85 1.185 0 0 0 0 0 0 0 0 0 0 0 1 3 6
0 0 0.1 90 0.81 0 0 0 0 7 1 2 0 0 0 0 1 2 6
0 0 0.1 95 0.902 0 0 0 0 0 0 0 0 0 0 0 1 3 6
0 0 0.1 90 1.087 0 0 0 0 7 1 2 0 0 0 0 1 2 6
0 0 0.1 85 0.605 0 0 0 0 0 0 0 0 0 0 0 1 3 6
0 0 0.1 90 0.609 0 0 0 0 7 1 2 0 0 0 0 1 2 6
0 0 0.1 95 1.011 0 0 0 0 0 0 0 0 0 0 0 1 3 6
0 0 0.1 90 1.158 0 0 0 0 7 1 2 0 0 0 0 1 2 6
0 0 0.1 90 0.766 0 0 0 0 0 0 0 0 0 0 0 1 3 6
0 0 0.1 90 1.088 0 0 0 0 7 1 2 0 0 0 0 1 2 6
0 0 0.1 90 1.072 0 0 0 0 0 0 0 0 0 0 0 1 3 6
0 0 0.1 90 1.194 0 0 0 0 7 1 2 0 0 0 0 1 2 6
0 0 0.1 85 0.969 0 0 0 0 0 0 0 0 0 0 0 1 3 6
0 0 0.1 90 1.027 0 0 0 0 7 1 2 0 0 0 0 1 2 6
0 0 0.1 95 1.063 0 0 0 0 0 0 0 0 0 0 0 1 3 6
0 0 0.1 90 1.133 0 0 0 0 7 1 2 0 0 0 0 1 2 6
0 0 0.1 95 0.976 0 0 0 0 0 0 0 0 0 0 0 1 3 6
0 0 0.1 90 0.757 0 0 0 0 7 1 2 0 0 0 0 1 2 6
0 0 0.1 90 1.116 0 0 0 0 0 0 0 0 0 0 0 1 3 6
0 0 0.1 90 0.863 0 0 0 0 7 1 2 0 0 0 0 1 2 6
0 0 0.1 85 0.833 0 0 0 0 0 0 0 0 0 0 0 1 3 6
0 0 0.1 90 0.877 0 0 0 0 7 1 2 0 0 0 0 1 2 6
0 0 0.1 85 0.732 0 0 0 0 0 0 0 0 0 0 0 1 3 6
0 0 0.1 90 0.64 0 0 0 0 7 1 2 0 0 0 0 1 2 6
0 0 0.1 95 0.766 0 0 0 0 0 0 0 0 0 0 0 1 3 6
0 0 0.1 90 0.787 0 0 0 0 7 1 2 0 0 0 0 1 2 6
0 0 0.1 85 0.626 0 0 0 0 0 0 0 0 0 0 0 1 3 6
0 0 0.1 90 0.711 0 0 0 0 7 1 2 0 0 0 0 1 2 6
0 0 0.1 85 0.711 0 0 0 0 0 0 0 0 0 0 0 1 3 6
0 0 0.1 90 1.054 0 0 0 0 7 1 2 0 0 0 0 1 2 6
0 0 0.1 90 0.773 0 0 0 0 0 0 0 0 0 0 0 1 3 6
0 0 0.1 90 1.121 0 0 0 0 7 1 2 0 0 0 0 1 2 6
0 0 0.1 90 0.842 0 0 0 0 0 0 0 0 0 0 0 1 3 6
0 0 0.1 90 0.944 0 0 0 0 7 1 2 0 0 0 0 1 2 6
0 0 0.1 90 0.811 0 0 0 0 0 0 0 0 0 0 0 1 3 6
0 0 0.1 90 1.004 0 0 0 0 7 1 2 0 0 0 0 1 2 6
0 0 0.1 90 0.616 0 0 0 0 0 0 0 0 0 0 0 1 3 6
