0 0 0.1 90 0.709 0 0 0 0 0 2 2 0 0 0 0 1 2 6
0 0 0.1 85 0.844 0 0 0 0 0 0 0 0 0 0 0 1 3 6
0 0 0.1 90 1.113 0 0 0 0 0 2 2 0 0 0 0 1 2 6
0 0 0.1 95 1.186 0 0 0 0 0 0 0 0 0 0 0 1 3 6
0 0 0.1 90 0.736 0 0 0 0 0 2 2 0 0 0 0 1 2 6
0 0 0.1 125 0.867 0 0 0 0 0 0 0 0 0 0 0 1 3 6
0 0 0.1 90 0.645 0 0 0 0 0 2 2 0 0 0 0 1 2 6
0 0 0.1 45 0.998 0 0 0 0 0 0 0 0 0 0 0 1 3 6
0 0 0.1 90 0.833 0 0 0 0 0 2 2 0 0 0 0 1 2 6
0 0 0.1 135 1.103 0 0 0 0 0 0 0 0 0 0 0 1 3 6
0 0 0.1 90 0.691 0 0 0 0 7 2 2 0 0 0 0 1 2 6
0 0 0.1 105 0.809 0 0 0 0 0 0 0 0 0 0 0 1 3 6
0 0 0.1 90 0.894 0 0 0 0 7 2 2 0 0 0 0 1 2 6
0 0 0.1 75 0.69 0 0 0 0 0 0 0 0 0 0 0 1 3 6
0 0 0.1 90 0.815 0 0 0 0 7 2 2 0 0 0 0 1 2 6
0 0 0.1 115 1.178 0 0 0 0 0 0 0 0 0 0 0 1 3 6
0 0 0.1 90 0.68 0 0 0 0 7 2 2 0 0 0 0 1 2 6
0 0 0.1 65 0.607 0 0 0 0 0 0 0 0 0 0 0 1 3 6
0 0 0.1 90 0.699 0 0 0 0 7 2 2 0 0 0 0 1 2 6
0 0 0.1 55 1.087 0 0 0 0 0 0 0 0 0 0 0 1 3 6
0 0 0.1 90 1.122 0 0 0 0 7 2 2 0 0 0 0 1 2 6
0 0 0.1 85 0.909 0 0 0 0 0 0 0 0 0 0 0 1 3 6
0 0 0.1 90 0.977 0 0 0 0 7 2 2 0 0 0 0 1 2 6
0 0 0.1 95 1.107 0 0 0 0 0 0 0 0 0 0 0 1 3 6
0 0 0.1 90 0.771 0 0 0 0 7 2 2 0 0 0 0 1 2 6
0 0 0.1 125 1.001 0 0 0 0 0 0 0 0 0 0 0 1 3 6
0 0 0.1 90 0.691 0 0 0 0 7 2 2 0 0 0 0 1 2 6
0 0 0.1 45 1.19 0 0 0 0 0 0 0 0 0 0 0 1 3 6
0 0 0.1 90 0.779 0 0 0 0 7 2 2 0 0 0 0 1 2 6
0 0 0.1 135 0.67 0 0 0 0 0 0 0 0 0 0 0 1 3 6
