0 0 0.1 90 0.711 0 0 0 0 0 1 2 0 0 0 0 1 2 6
0 0 0.1 90 1.022 0 0 0 0 0 0 0 0 0 0 0 1 3 6
0 0 0.1 90 0.944 0 0 0 0 0 1 2 0 0 0 0 1 2 6
0 0 0.1 90 0.701 0 0 0 0 0 0 0 0 0 0 0 1 3 6
0 0 0.1 90 1.167 0 0 0 0 0 1 2 0 0 0 0 1 2 6
0 0 0.1 90 1.167 0 0 0 0 0 0 0 0 0 0 0 1 3 6
0 0 0.1 90 0.678 0 0 0 0 0 1 2 0 0 0 0 1 2 6
0 0 0.1 90 1.101 0 0 0 0 0 0 0 0 0 0 0 1 3 6
0 0 0.1 90 0.881 0 0 0 0 0 1 2 0 0 0 0 1 2 6
0 0 0.1 90 0.93 0 0 0 0 0 0 0 0 0 0 0 1 3 6
0 0 0.1 90 0.932 0 0 0 0 7 1 2 0 0 0 0 1 2 6
0 0 0.1 90 0.744 0 0 0 0 0 0 0 0 0 0 0 1 3 6
0 0 0.1 90 1.057 0 0 0 0 7 1 2 0 0 0 0 1 2 6
0 0 0.1 90 0.709 0 0 0 0 0 0 0 0 0 0 0 1 3 6
0 0 0.1 90 0.844 0 0 0 0 7 1 2 0 0 0 0 1 2 6
0 0 0.1 90 1.113 0 0 0 0 0 0 0 0 0 0 0 1 3 6
0 0 0.1 90 1.186 0 0 0 0 7 1 2 0 0 0 0 1 2 6
0 0 0.1 90 0.736 0 0 0 0 0 0 0 0 0 0 0 1 3 6
0 0 0.1 90 0.867 0 0 0 0 7 1 2 0 0 0 0 1 2 6
0 0 0.1 90 0.645 0 0 0 0 0 0 0 0 0 0 0 1 3 6
0 0 0.1 90 0.998 0 0 0 0 7 1 2 0 0 0 0 1 2 6
0 0 0.1 90 0.833 0 0 0 0 0 0 0 0 0 0 0 1 3 6
0 0 0.1 90 1.103 0 0 0 0 7 1 2 0 0 0 0 1 2 6
0 0 0.1 90 0.691 0 0 0 0 0 0 0 0 0 0 0 1 3 6
0 0 0.1 90 0.809 0 0 0 0 7 1 2 0 0 0 0 1 2 6
0 0 0.1 90 0.894 0 0 0 0 0 0 0 0 0 0 0 1 3 6
0 0 0.1 90 0.69 0 0 0 0 7 1 2 0 0 0 0 1 2 6
0 0 0.1 90 0.815 0 0 0 0 0 0 0 0 0 0 0 1 3 6
0 0 0.1 90 1.178 0 0 0 0 7 1 2 0 0 0 0 1 2 6
0 0 0.1 90 0.68 0 0 0 0 0 0 0 0 0 0 0 1 3 6
