0 0 0.1 90 1.103 0 0 0 0 0 2 2 0 0 0 0 1 2 6
0 0 0.1 90 0.691 0 0 0 0 0 0 0 0 0 0 0 1 3 6
0 0 0.1 90 0.809 0 0 0 0 0 2 2 0 0 0 0 1 2 6
0 0 0.1 100 0.894 0 0 0 0 0 0 0 0 0 0 0 1 3 6
0 0 0.1 90 0.69 0 0 0 0 0 2 2 0 0 0 0 1 2 6
0 0 0.1 90 0.815 0 0 0 0 0 0 0 0 0 0 0 1 3 6
0 0 0.1 90 1.178 0 0 0 0 0 2 2 0 0 0 0 1 2 6
0 0 0.1 90 0.68 0 0 0 0 0 0 0 0 0 0 0 1 3 6
0 0 0.1 90 0.607 0 0 0 0 0 2 2 0 0 0 0 1 2 6
0 0 0.1 80 0.699 0 0 0 0 0 0 0 0 0 0 0 1 3 6
0 0 0.1 90 1.087 0 0 0 0 7 2 2 0 0 0 0 1 2 6
0 0 0.1 90 1.122 0 0 0 0 0 0 0 0 0 0 0 1 3 6
0 0 0.1 90 0.909 0 0 0 0 7 2 2 0 0 0 0 1 2 6
0 0 0.1 100 0.977 0 0 0 0 0 0 0 0 0 0 0 1 3 6
0 0 0.1 90 1.107 0 0 0 0 7 2 2 0 0 0 0 1 2 6
0 0 0.1 90 0.771 0 0 0 0 0 0 0 0 0 0 0 1 3 6
0 0 0.1 90 1.001 0 0 0 0 7 2 2 0 0 0 0 1 2 6
0 0 0.1 100 0.691 0 0 0 0 0 0 0 0 0 0 0 1 3 6
0 0 0.1 90 1.19 0 0 0 0 7 2 2 0 0 0 0 1 2 6
0 0 0.1 80 0.779 0 0 0 0 0 0 0 0 0 0 0 1 3 6
0 0 0.1 90 0.67 0 0 0 0 7 2 2 0 0 0 0 1 2 6
0 0 0.1 80 0.698 0 0 0 0 0 0 0 0 0 0 0 1 3 6
0 0 0.1 90 1.167 0 0 0 0 7 2 2 0 0 0 0 1 2 6
0 0 0.1 100 1.077 0 0 0 0 0 0 0 0 0 0 0 1 3 6
0 0 0.1 90 1.185 0 0 0 0 7 2 2 0 0 0 0 1 2 6
0 0 0.1 80 0.81 0 0 0 0 0 0 0 0 0 0 0 1 3 6
0 0 0.1 90 0.902 0 0 0 0 7 2 2 0 0 0 0 1 2 6
0 0 0.1 80 1.087 0 0 0 0 0 0 0 0 0 0 0 1 3 6
0 0 0.1 90 0.605 0 0 0 0 7 2 2 0 0 0 0 1 2 6
0 0 0.1 100 0.609 0 0 0 0 0 0 0 0 0 0 0 1 3 6
