0 0 0.1 90 0.711 0 0 0 0 0 0 0 1 3 0 0 1 4 8
0 0 0.1 90 1.022 0 0 0 0 0 0 0 1 3 0 0 1 4 8
0 0 0.1 90 0.944 0 0 0 0 0 0 0 1 3 0 0 1 4 8
0 0 0.1 90 0.701 0 0 0 0 0 0 0 1 3 0 0 1 4 8
0 0 0.1 90 1.167 0 0 0 0 0 0 0 1 3 0 0 1 4 8
0 0 0.1 90 1.167 0 0 0 0 7 0 0 1 3 0 0 1 4 8
0 0 0.1 90 0.678 0 0 0 0 7 0 0 1 3 0 0 1 4 8
0 0 0.1 90 1.101 0 0 0 0 7 0 0 1 3 0 0 1 4 8
0 0 0.1 90 0.881 0 0 0 0 7 0 0 1 3 0 0 1 4 8
0 0 0.1 90 0.93 0 0 0 0 7 0 0 1 3 0 0 1 4 8
0 0 0.1 90 0.932 0 0 0 0 7 0 0 1 3 0 0 1 4 8
0 0 0.1 90 0.744 0 0 0 0 7 0 0 1 3 0 0 1 4 8
0 0 0.1 90 1.057 0 0 0 0 7 0 0 1 3 0 0 1 4 8
0 0 0.1 90 0.709 0 0 0 0 7 0 0 1 3 0 0 1 4 8
0 0 0.1 90 0.844 0 0 0 0 7 0 0 1 3 0 0 1 4 8
