0 0 0.1 87 2.661 0 0 0 0 5 4 2 0 0 0 0 0.5 2 4 0
0 0 0.1 90 0.529 0 0 0 0 0 5 0 0 0 0 0 0.5 3 4 0
0 0 0.1 102 2.895 0 0 0 0 5 4 2 0 0 0 0 0.5 2 4 0
0 0 0.1 96 0.649 0 0 0 0 0 5 0 0 0 0 0 0.5 3 4 0
0 0 0.1 75 2.687 0 0 0 0 5 4 2 0 0 0 0 0.5 2 4 0
0 0 0.1 105 0.579 0 0 0 0 0 5 0 0 0 0 0 0.5 3 4 0
0 0 0.1 93 2.87 0 0 0 0 -5 4 2 0 0 0 0 0.5 2 4 0
0 0 0.1 84 0.537 0 0 0 0 0 5 0 0 0 0 0 0.5 3 4 0
0 0 0.1 99 2.645 0 0 0 0 -5 4 2 0 0 0 0 0.5 2 4 0
0 0 0.1 81 0.439 0 0 0 0 0 5 0 0 0 0 0 0.5 3 4 0
0 0 0.1 78 2.608 0 0 0 0 -5 4 2 0 0 0 0 0.5 2 4 0
0 0 0.1 105 0.621 0 0 0 0 0 5 0 0 0 0 0 0.5 3 4 0
0 0 0.1 75 2.713 0 0 0 0 5 4 2 0 0 0 0 0.5 2 4 0
0 0 0.1 81 0.573 0 0 0 0 0 5 0 0 0 0 0 0.5 3 4 0
0 0 0.1 90 2.848 0 0 0 0 5 4 2 0 0 0 0 0.5 2 4 0
0 0 0.1 78 0.645 0 0 0 0 0 5 0 0 0 0 0 0.5 3 4 0
0 0 0.1 99 2.862 0 0 0 0 5 4 2 0 0 0 0 0.5 2 4 0
0 0 0.1 102 0.434 0 0 0 0 0 5 0 0 0 0 0 0.5 3 4 0
0 0 0.1 93 2.886 0 0 0 0 -5 4 2 0 0 0 0 0.5 2 4 0
0 0 0.1 87 0.571 0 0 0 0 0 5 0 0 0 0 0 0.5 3 4 0
0 0 0.1 84 2.612 0 0 0 0 -5 4 2 0 0 0 0 0.5 2 4 0
0 0 0.1 96 0.474 0 0 0 0 0 5 0 0 0 0 0 0.5 3 4 0
0 0 0.1 105 2.894 0 0 0 0 -5 4 2 0 0 0 0 0.5 2 4 0
0 0 0.1 90 0.666 0 0 0 0 0 5 0 0 0 0 0 0.5 3 4 0
0 0 0.1 99 2.673 0 0 0 0 5 4 2 0 0 0 0 0.5 2 4 0
0 0 0.1 102 0.628 0 0 0 0 0 5 0 0 0 0 0 0.5 3 4 0
0 0 0.1 87 2.769 0 0 0 0 5 4 2 0 0 0 0 0.5 2 4 0
0 0 0.1 96 0.492 0 0 0 0 0 5 0 0 0 0 0 0.5 3 4 0
0 0 0.1 81 2.809 0 0 0 0 5 4 2 0 0 0 0 0.5 2 4 0
0 0 0.1 75 0.501 0 0 0 0 0 5 0 0 0 0 0 0.5 3 4 0
0 0 0.1 93 2.662 0 0 0 0 5 4 2 0 0 0 0 0.5 2 4 0
0 0 0.1 78 0.676 0 0 0 0 0 5 0 0 0 0 0 0.5 3 4 0
0 0 0.1 84 2.607 0 0 0 0 -5 4 2 0 0 0 0 0.5 2 4 0
0 0 0.1 90 0.69 0 0 0 0 0 5 0 0 0 0 0 0.5 3 4 0
0 0 0.1 78 2.695 0 0 0 0 -5 4 2 0 0 0 0 0.5 2 4 0
0 0 0.1 93 0.6 0 0 0 0 0 5 0 0 0 0 0 0.5 3 4 0
0 0 0.1 102 2.761 0 0 0 0 -5 4 2 0 0 0 0 0.5 2 4 0
0 0 0.1 81 0.646 0 0 0 0 0 5 0 0 0 0 0 0.5 3 4 0
0 0 0.1 84 2.656 0 0 0 0 -5 4 2 0 0 0 0 0.5 2 4 0
0 0 0.1 99 0.52 0 0 0 0 0 5 0 0 0 0 0 0.5 3 4 0
0 0 0.1 75 2.654 0 0 0 0 5 4 2 0 0 0 0 0.5 2 4 0
0 0 0.1 87 0.486 0 0 0 0 0 5 0 0 0 0 0 0.5 3 4 0
0 0 0.1 96 2.789 0 0 0 0 5 4 2 0 0 0 0 0.5 2 4 0
0 0 0.1 105 0.491 0 0 0 0 0 5 0 0 0 0 0 0.5 3 4 0
0 0 0.1 75 2.734 0 0 0 0 5 4 2 0 0 0 0 0.5 2 4 0
0 0 0.1 78 0.62 0 0 0 0 0 5 0 0 0 0 0 0.5 3 4 0
0 0 0.1 96 2.801 0 0 0 0 -5 4 2 0 0 0 0 0.5 2 4 0
0 0 0.1 84 0.494 0 0 0 0 0 5 0 0 0 0 0 0.5 3 4 0
0 0 0.1 87 2.744 0 0 0 0 -5 4 2 0 0 0 0 0.5 2 4 0
0 0 0.1 90 0.488 0 0 0 0 0 5 0 0 0 0 0 0.5 3 4 0
0 0 0.1 93 2.655 0 0 0 0 -5 4 2 0 0 0 0 0.5 2 4 0
0 0 0.1 99 0.509 0 0 0 0 0 5 0 0 0 0 0 0.5 3 4 0
0 0 0.1 102 2.872 0 0 0 0 5 4 2 0 0 0 0 0.5 2 4 0
0 0 0.1 105 0.519 0 0 0 0 0 5 0 0 0 0 0 0.5 3 4 0
0 0 0.1 81 2.834 0 0 0 0 5 4 2 0 0 0 0 0.5 2 4 0
0 0 0.1 93 0.486 0 0 0 0 0 5 0 0 0 0 0 0.5 3 4 0
0 0 0.1 78 2.857 0 0 0 0 5 4 2 0 0 0 0 0.5 2 4 0
0 0 0.1 90 0.452 0 0 0 0 0 5 0 0 0 0 0 0.5 3 4 0
0 0 0.1 105 2.624 0 0 0 0 -5 4 2 0 0 0 0 0.5 2 4 0
0 0 0.1 84 0.488 0 0 0 0 0 5 0 0 0 0 0 0.5 3 4 0
0 0 0.1 96 2.853 0 0 0 0 -5 4 2 0 0 0 0 0.5 2 4 0
0 0 0.1 99 0.684 0 0 0 0 0 5 0 0 0 0 0 0.5 3 4 0
0 0 0.1 87 2.614 0 0 0 0 -5 4 2 0 0 0 0 0.5 2 4 0
0 0 0.1 75 0.628 0 0 0 0 0 5 0 0 0 0 0 0.5 3 4 0
0 0 0.1 102 2.69 0 0 0 0 5 4 2 0 0 0 0 0.5 2 4 0
0 0 0.1 81 0.596 0 0 0 0 0 5 0 0 0 0 0 0.5 3 4 0
0 0 0.1 78 2.626 0 0 0 0 5 4 2 0 0 0 0 0.5 2 4 0
0 0 0.1 90 0.693 0 0 0 0 0 5 0 0 0 0 0 0.5 3 4 0
0 0 0.1 102 2.605 0 0 0 0 5 4 2 0 0 0 0 0.5 2 4 0
0 0 0.1 96 0.562 0 0 0 0 0 5 0 0 0 0 0 0.5 3 4 0
0 0 0.1 81 2.89 0 0 0 0 5 4 2 0 0 0 0 0.5 2 4 0
0 0 0.1 87 0.431 0 0 0 0 0 5 0 0 0 0 0 0.5 3 4 0
0 0 0.1 93 2.678 0 0 0 0 -5 4 2 0 0 0 0 0.5 2 4 0
0 0 0.1 84 0.669 0 0 0 0 0 5 0 0 0 0 0 0.5 3 4 0
0 0 0.1 105 2.717 0 0 0 0 -5 4 2 0 0 0 0 0.5 2 4 0
0 0 0.1 75 0.639 0 0 0 0 0 5 0 0 0 0 0 0.5 3 4 0
0 0 0.1 99 2.705 0 0 0 0 -5 4 2 0 0 0 0 0.5 2 4 0
0 0 0.1 75 0.442 0 0 0 0 0 5 0 0 0 0 0 0.5 3 4 0
0 0 0.1 87 2.796 0 0 0 0 -5 4 2 0 0 0 0 0.5 2 4 0
0 0 0.1 90 0.564 0 0 0 0 0 5 0 0 0 0 0 0.5 3 4 0
