0 0 0.1 87 0.71 0 0 0 0 -7 4 2 0 1 -20 0 1 2 4
0 0 0.1 90 0.817 0 0 0 0 0 5 0 1 1 -20 0 1 3 4
0 0 0.1 102 1.143 0 0 0 0 7 4 2 0 1 -20 0 1 2 4
0 0 0.1 96 0.837 0 0 0 0 0 5 0 1 1 -20 0 1 3 4
0 0 0.1 75 1.068 0 0 0 0 7 4 2 0 1 -20 0 1 2 4
0 0 0.1 105 0.771 0 0 0 0 0 5 0 1 1 -20 0 1 3 4
0 0 0.1 93 1.113 0 0 0 0 -7 4 2 0 1 -20 0 1 2 4
0 0 0.1 84 0.704 0 0 0 0 0 5 0 1 1 -20 0 1 3 4
0 0 0.1 99 0.648 0 0 0 0 -7 4 2 0 1 -20 0 1 2 4
0 0 0.1 81 0.776 0 0 0 0 0 5 0 1 1 -20 0 1 3 4
0 0 0.1 78 1.105 0 0 0 0 7 4 2 0 1 -20 0 1 2 4
0 0 0.1 105 1.168 0 0 0 0 0 5 0 1 1 -20 0 1 3 4
0 0 0.1 75 0.627 0 0 0 0 -7 4 2 0 1 -20 0 1 2 4
0 0 0.1 81 1.056 0 0 0 0 0 5 0 1 1 -20 0 1 3 4
0 0 0.1 90 0.779 0 0 0 0 -7 4 2 0 1 -20 0 1 2 4
0 0 0.1 78 0.991 0 0 0 0 0 5 0 1 1 -20 0 1 3 4
0 0 0.1 99 0.651 0 0 0 0 7 4 2 0 1 -20 0 1 2 4
0 0 0.1 102 1.186 0 0 0 0 0 5 0 1 1 -20 0 1 3 4
0 0 0.1 93 0.609 0 0 0 0 7 4 2 0 1 -20 0 1 2 4
0 0 0.1 87 0.924 0 0 0 0 0 5 0 1 1 -20 0 1 3 4
0 0 0.1 84 1.18 0 0 0 0 -7 4 2 0 1 -20 0 1 2 4
0 0 0.1 96 0.661 0 0 0 0 0 5 0 1 1 -20 0 1 3 4
0 0 0.1 105 0.755 0 0 0 0 7 4 2 0 1 -20 0 1 2 4
0 0 0.1 90 1.138 0 0 0 0 0 5 0 1 1 -20 0 1 3 4
0 0 0.1 99 0.833 0 0 0 0 7 4 2 0 1 -20 0 1 2 4
0 0 0.1 102 1.077 0 0 0 0 0 5 0 1 1 -20 0 1 3 4
0 0 0.1 87 0.81 0 0 0 0 -7 4 2 0 1 -20 0 1 2 4
0 0 0.1 96 0.684 0 0 0 0 0 5 0 1 1 -20 0 1 3 4
0 0 0.1 81 0.991 0 0 0 0 -7 4 2 0 1 -20 0 1 2 4
0 0 0.1 75 0.927 0 0 0 0 0 5 0 1 1 -20 0 1 3 4
0 0 0.1 93 1.168 0 0 0 0 7 4 2 0 1 -20 0 1 2 4
0 0 0.1 78 0.944 0 0 0 0 0 5 0 1 1 -20 0 1 3 4
0 0 0.1 84 1.173 0 0 0 0 -7 4 2 0 1 -20 0 1 2 4
0 0 0.1 90 1.069 0 0 0 0 0 5 0 1 1 -20 0 1 3 4
0 0 0.1 78 0.671 0 0 0 0 -7 4 2 0 1 -20 0 1 2 4
0 0 0.1 93 1.103 0 0 0 0 0 5 0 1 1 -20 0 1 3 4
0 0 0.1 102 0.653 0 0 0 0 7 4 2 0 1 -20 0 1 2 4
0 0 0.1 81 1.05 0 0 0 0 0 5 0 1 1 -20 0 1 3 4
0 0 0.1 84 0.64 0 0 0 0 7 4 2 0 1 -20 0 1 2 4
0 0 0.1 99 0.647 0 0 0 0 0 5 0 1 1 -20 0 1 3 4
0 0 0.1 75 0.664 0 0 0 0 -7 4 2 0 1 -20 0 1 2 4
0 0 0.1 87 0.845 0 0 0 0 0 5 0 1 1 -20 0 1 3 4
0 0 0.1 96 1.185 0 0 0 0 7 4 2 0 1 -20 0 1 2 4
0 0 0.1 105 0.699 0 0 0 0 0 5 0 1 1 -20 0 1 3 4
0 0 0.1 75 0.902 0 0 0 0 7 4 2 0 1 -20 0 1 2 4
0 0 0.1 78 0.721 0 0 0 0 0 5 0 1 1 -20 0 1 3 4
0 0 0.1 96 0.72 0 0 0 0 -7 4 2 0 1 -20 0 1 2 4
0 0 0.1 84 0.707 0 0 0 0 0 5 0 1 1 -20 0 1 3 4
0 0 0.1 87 0.765 0 0 0 0 -7 4 2 0 1 -20 0 1 2 4
0 0 0.1 90 0.679 0 0 0 0 0 5 0 1 1 -20 0 1 3 4
0 0 0.1 93 1.116 0 0 0 0 7 4 2 0 1 -20 0 1 2 4
0 0 0.1 99 0.988 0 0 0 0 0 5 0 1 1 -20 0 1 3 4
0 0 0.1 102 0.962 0 0 0 0 -7 4 2 0 1 -20 0 1 2 4
0 0 0.1 105 1.184 0 0 0 0 0 5 0 1 1 -20 0 1 3 4
0 0 0.1 81 0.826 0 0 0 0 -7 4 2 0 1 -20 0 1 2 4
0 0 0.1 93 1.092 0 0 0 0 0 5 0 1 1 -20 0 1 3 4
0 0 0.1 78 0.737 0 0 0 0 7 4 2 0 1 -20 0 1 2 4
0 0 0.1 90 0.724 0 0 0 0 0 5 0 1 1 -20 0 1 3 4
0 0 0.1 105 0.717 0 0 0 0 7 4 2 0 1 -20 0 1 2 4
0 0 0.1 84 0.745 0 0 0 0 0 5 0 1 1 -20 0 1 3 4
0 0 0.1 96 1.188 0 0 0 0 -7 4 2 0 1 -20 0 1 2 4
0 0 0.1 99 0.915 0 0 0 0 0 5 0 1 1 -20 0 1 3 4
0 0 0.1 87 1.096 0 0 0 0 7 4 2 0 1 -20 0 1 2 4
0 0 0.1 75 1.003 0 0 0 0 0 5 0 1 1 -20 0 1 3 4
0 0 0.1 102 1.187 0 0 0 0 7 4 2 0 1 -20 0 1 2 4
0 0 0.1 81 0.635 0 0 0 0 0 5 0 1 1 -20 0 1 3 4
0 0 0.1 78 0.803 0 0 0 0 -7 4 2 0 1 -20 0 1 2 4
0 0 0.1 90 0.608 0 0 0 0 0 5 0 1 1 -20 0 1 3 4
0 0 0.1 102 0.818 0 0 0 0 -7 4 2 0 1 -20 0 1 2 4
0 0 0.1 96 0.726 0 0 0 0 0 5 0 1 1 -20 0 1 3 4
0 0 0.1 81 0.692 0 0 0 0 7 4 2 0 1 -20 0 1 2 4
0 0 0.1 87 1.162 0 0 0 0 0 5 0 1 1 -20 0 1 3 4
0 0 0.1 93 0.841 0 0 0 0 -7 4 2 0 1 -20 0 1 2 4
0 0 0.1 84 0.892 0 0 0 0 0 5 0 1 1 -20 0 1 3 4
0 0 0.1 105 1.009 0 0 0 0 -7 4 2 0 1 -20 0 1 2 4
0 0 0.1 75 1.113 0 0 0 0 0 5 0 1 1 -20 0 1 3 4
0 0 0.1 99 1.148 0 0 0 0 7 4 2 0 1 -20 0 1 2 4
0 0 0.1 75 0.886 0 0 0 0 0 5 0 1 1 -20 0 1 3 4
0 0 0.1 87 1.029 0 0 0 0 7 4 2 0 1 -20 0 1 2 4
0 0 0.1 90 1.098 0 0 0 0 0 5 0 1 1 -20 0 1 3 4
0 0 0.1 105 1.006 0 0 0 0 -7 4 2 0 1 -20 0 1 2 4
0 0 0.1 78 0.804 0 0 0 0 0 5 0 1 1 -20 0 1 3 4
0 0 0.1 96 1.135 0 0 0 0 7 4 2 0 1 -20 0 1 2 4
0 0 0.1 102 0.918 0 0 0 0 0 5 0 1 1 -20 0 1 3 4
0 0 0.1 84 1.125 0 0 0 0 7 4 2 0 1 -20 0 1 2 4
0 0 0.1 81 0.756 0 0 0 0 0 5 0 1 1 -20 0 1 3 4
0 0 0.1 93 0.926 0 0 0 0 -7 4 2 0 1 -20 0 1 2 4
0 0 0.1 99 0.73 0 0 0 0 0 5 0 1 1 -20 0 1 3 4
0 0 0.1 75 0.731 0 0 0 0 -7 4 2 0 1 -20 0 1 2 4
0 0 0.1 87 0.885 0 0 0 0 0 5 0 1 1 -20 0 1 3 4
0 0 0.1 99 1.136 0 0 0 0 7 4 2 0 1 -20 0 1 2 4
0 0 0.1 93 0.782 0 0 0 0 0 5 0 1 1 -20 0 1 3 4
0 0 0.1 78 0.934 0 0 0 0 -7 4 2 0 1 -20 0 1 2 4
0 0 0.1 90 1.054 0 0 0 0 0 5 0 1 1 -20 0 1 3 4
0 0 0.1 102 1.174 0 0 0 0 -7 4 2 0 1 -20 0 1 2 4
0 0 0.1 81 1.173 0 0 0 0 0 5 0 1 1 -20 0 1 3 4
0 0 0.1 105 0.801 0 0 0 0 7 4 2 0 1 -20 0 1 2 4
0 0 0.1 96 0.911 0 0 0 0 0 5 0 1 1 -20 0 1 3 4
0 0 0.1 84 0.689 0 0 0 0 7 4 2 0 1 -20 0 1 2 4
0 0 0.1 78 0.815 0 0 0 0 0 5 0 1 1 -20 0 1 3 4
0 0 0.1 99 1.023 0 0 0 0 -7 4 2 0 1 -20 0 1 2 4
0 0 0.1 93 0.649 0 0 0 0 0 5 0 1 1 -20 0 1 3 4
0 0 0.1 84 0.751 0 0 0 0 7 4 2 0 1 -20 0 1 2 4
0 0 0.1 96 0.631 0 0 0 0 0 5 0 1 1 -20 0 1 3 4
0 0 0.1 75 1.044 0 0 0 0 7 4 2 0 1 -20 0 1 2 4
0 0 0.1 102 0.609 0 0 0 0 0 5 0 1 1 -20 0 1 3 4
0 0 0.1 105 0.626 0 0 0 0 -7 4 2 0 1 -20 0 1 2 4
0 0 0.1 90 0.77 0 0 0 0 0 5 0 1 1 -20 0 1 3 4
0 0 0.1 81 0.625 0 0 0 0 -7 4 2 0 1 -20 0 1 2 4
0 0 0.1 87 0.98 0 0 0 0 0 5 0 1 1 -20 0 1 3 4
0 0 0.1 93 1.053 0 0 0 0 7 4 2 0 1 -20 0 1 2 4
0 0 0.1 105 0.631 0 0 0 0 0 5 0 1 1 -20 0 1 3 4
0 0 0.1 81 0.978 0 0 0 0 -7 4 2 0 1 -20 0 1 2 4
0 0 0.1 87 0.815 0 0 0 0 0 5 0 1 1 -20 0 1 3 4
0 0 0.1 84 1.085 0 0 0 0 -7 4 2 0 1 -20 0 1 2 4
0 0 0.1 96 1.003 0 0 0 0 0 5 0 1 1 -20 0 1 3 4
0 0 0.1 90 0.614 0 0 0 0 7 4 2 0 1 -20 0 1 2 4
0 0 0.1 75 1.014 0 0 0 0 0 5 0 1 1 -20 0 1 3 4
0 0 0.1 102 1.133 0 0 0 0 7 4 2 0 1 -20 0 1 2 4
0 0 0.1 78 0.923 0 0 0 0 0 5 0 1 1 -20 0 1 3 4
