0 0 0.1 87 0.849 0 0 0 0 -3.5 6 2 0 2 -20 0 0.5 2 4
0 0 0.1 90 1.374 0 0 0 0 0 5 0 1 2 -20 0 0.5 3 4
0 0 0.1 102 1.384 0 0 0 0 0 4 2 0 2 -20 0 0.5 2 4
0 0 0.1 96 0.885 0 0 0 0 0 4 2 0 2 -20 0 0.5 2 4
0 0 0.1 75 1.207 0 0 0 0 0 4 2 0 2 -20 0 0.5 2 4
0 0 0.1 105 1.275 0 0 0 0 0 4 2 0 2 -20 0 0.5 2 4
0 0 0.1 93 1.221 0 0 0 0 0 4 2 0 2 -20 0 0.5 2 4
0 0 0.1 84 0.964 0 0 0 0 3.5 6 2 0 2 -20 0 0.5 2 4
0 0 0.1 99 1.092 0 0 0 0 0 5 0 1 2 -20 0 0.5 3 4
0 0 0.1 81 1.327 0 0 0 0 0 4 2 0 2 -20 0 0.5 2 4
0 0 0.1 78 0.802 0 0 0 0 0 4 2 0 2 -20 0 0.5 2 4
0 0 0.1 105 1.375 0 0 0 0 0 4 2 0 2 -20 0 0.5 2 4
0 0 0.1 75 1.089 0 0 0 0 0 4 2 0 2 -20 0 0.5 2 4
0 0 0.1 81 1.377 0 0 0 0 0 4 2 0 2 -20 0 0.5 2 4
0 0 0.1 90 1.102 0 0 0 0 -3.5 6 2 0 2 -20 0 0.5 2 4
0 0 0.1 78 0.814 0 0 0 0 0 5 0 1 2 -20 0 0.5 3 4
0 0 0.1 99 0.867 0 0 0 0 0 4 2 0 2 -20 0 0.5 2 4
0 0 0.1 102 1.249 0 0 0 0 0 4 2 0 2 -20 0 0.5 2 4
0 0 0.1 93 1.16 0 0 0 0 0 4 2 0 2 -20 0 0.5 2 4
0 0 0.1 87 1.269 0 0 0 0 0 4 2 0 2 -20 0 0.5 2 4
0 0 0.1 84 1.368 0 0 0 0 0 4 2 0 2 -20 0 0.5 2 4
0 0 0.1 96 1.015 0 0 0 0 3.5 6 2 0 2 -20 0 0.5 2 4
0 0 0.1 105 1.092 0 0 0 0 0 5 0 1 2 -20 0 0.5 3 4
0 0 0.1 90 1.116 0 0 0 0 0 4 2 0 2 -20 0 0.5 2 4
0 0 0.1 99 1.31 0 0 0 0 0 4 2 0 2 -20 0 0.5 2 4
0 0 0.1 102 1.101 0 0 0 0 0 4 2 0 2 -20 0 0.5 2 4
0 0 0.1 87 1.007 0 0 0 0 0 4 2 0 2 -20 0 0.5 2 4
0 0 0.1 96 1.15 0 0 0 0 0 4 2 0 2 -20 0 0.5 2 4
0 0 0.1 81 1.117 0 0 0 0 -3.5 6 2 0 2 -20 0 0.5 2 4
0 0 0.1 75 1.345 0 0 0 0 0 5 0 1 2 -20 0 0.5 3 4
0 0 0.1 93 1.388 0 0 0 0 0 4 2 0 2 -20 0 0.5 2 4
0 0 0.1 78 0.809 0 0 0 0 0 4 2 0 2 -20 0 0.5 2 4
0 0 0.1 84 1.246 0 0 0 0 0 4 2 0 2 -20 0 0.5 2 4
0 0 0.1 90 1.087 0 0 0 0 0 4 2 0 2 -20 0 0.5 2 4
0 0 0.1 78 1.34 0 0 0 0 0 4 2 0 2 -20 0 0.5 2 4
0 0 0.1 93 0.988 0 0 0 0 3.5 6 2 0 2 -20 0 0.5 2 4
0 0 0.1 102 0.959 0 0 0 0 0 5 0 1 2 -20 0 0.5 3 4
0 0 0.1 81 1.132 0 0 0 0 0 4 2 0 2 -20 0 0.5 2 4
0 0 0.1 84 1.347 0 0 0 0 0 4 2 0 2 -20 0 0.5 2 4
0 0 0.1 99 0.865 0 0 0 0 0 4 2 0 2 -20 0 0.5 2 4
0 0 0.1 75 1.372 0 0 0 0 0 4 2 0 2 -20 0 0.5 2 4
0 0 0.1 87 1.149 0 0 0 0 0 4 2 0 2 -20 0 0.5 2 4
0 0 0.1 96 1.328 0 0 0 0 3.5 6 2 0 2 -20 0 0.5 2 4
0 0 0.1 105 1.285 0 0 0 0 0 5 0 1 2 -20 0 0.5 3 4
0 0 0.1 75 1.102 0 0 0 0 0 4 2 0 2 -20 0 0.5 2 4
0 0 0.1 78 1.302 0 0 0 0 0 4 2 0 2 -20 0 0.5 2 4
0 0 0.1 96 1.343 0 0 0 0 0 4 2 0 2 -20 0 0.5 2 4
0 0 0.1 84 0.802 0 0 0 0 0 4 2 0 2 -20 0 0.5 2 4
0 0 0.1 87 1.078 0 0 0 0 0 4 2 0 2 -20 0 0.5 2 4
0 0 0.1 90 0.917 0 0 0 0 -3.5 6 2 0 2 -20 0 0.5 2 4
0 0 0.1 93 0.878 0 0 0 0 0 5 0 1 2 -20 0 0.5 3 4
0 0 0.1 99 0.88 0 0 0 0 0 4 2 0 2 -20 0 0.5 2 4
0 0 0.1 102 1.233 0 0 0 0 0 4 2 0 2 -20 0 0.5 2 4
0 0 0.1 105 1.154 0 0 0 0 0 4 2 0 2 -20 0 0.5 2 4
0 0 0.1 81 1.122 0 0 0 0 0 4 2 0 2 -20 0 0.5 2 4
0 0 0.1 93 1.255 0 0 0 0 0 4 2 0 2 -20 0 0.5 2 4
0 0 0.1 78 1.045 0 0 0 0 -3.5 6 2 0 2 -20 0 0.5 2 4
0 0 0.1 90 0.853 0 0 0 0 0 5 0 1 2 -20 0 0.5 3 4
0 0 0.1 105 1.359 0 0 0 0 0 4 2 0 2 -20 0 0.5 2 4
0 0 0.1 84 1.234 0 0 0 0 0 4 2 0 2 -20 0 0.5 2 4
0 0 0.1 96 1.017 0 0 0 0 0 4 2 0 2 -20 0 0.5 2 4
0 0 0.1 99 1.064 0 0 0 0 0 4 2 0 2 -20 0 0.5 2 4
0 0 0.1 87 1.198 0 0 0 0 0 4 2 0 2 -20 0 0.5 2 4
0 0 0.1 75 0.82 0 0 0 0 3.5 6 2 0 2 -20 0 0.5 2 4
0 0 0.1 102 0.811 0 0 0 0 0 5 0 1 2 -20 0 0.5 3 4
0 0 0.1 81 1.244 0 0 0 0 0 4 2 0 2 -20 0 0.5 2 4
0 0 0.1 78 0.852 0 0 0 0 0 4 2 0 2 -20 0 0.5 2 4
0 0 0.1 90 0.939 0 0 0 0 0 4 2 0 2 -20 0 0.5 2 4
0 0 0.1 102 0.949 0 0 0 0 0 4 2 0 2 -20 0 0.5 2 4
0 0 0.1 96 0.817 0 0 0 0 0 4 2 0 2 -20 0 0.5 2 4
0 0 0.1 81 1.026 0 0 0 0 -3.5 6 2 0 2 -20 0 0.5 2 4
0 0 0.1 87 0.854 0 0 0 0 0 5 0 1 2 -20 0 0.5 3 4
0 0 0.1 93 1.026 0 0 0 0 0 4 2 0 2 -20 0 0.5 2 4
0 0 0.1 84 0.935 0 0 0 0 0 4 2 0 2 -20 0 0.5 2 4
0 0 0.1 105 1.288 0 0 0 0 0 4 2 0 2 -20 0 0.5 2 4
0 0 0.1 75 0.885 0 0 0 0 0 4 2 0 2 -20 0 0.5 2 4
0 0 0.1 99 0.818 0 0 0 0 0 4 2 0 2 -20 0 0.5 2 4
0 0 0.1 75 0.935 0 0 0 0 3.5 6 2 0 2 -20 0 0.5 2 4
0 0 0.1 87 1.261 0 0 0 0 0 5 0 1 2 -20 0 0.5 3 4
0 0 0.1 90 1.183 0 0 0 0 0 4 2 0 2 -20 0 0.5 2 4
0 0 0.1 105 1.272 0 0 0 0 0 4 2 0 2 -20 0 0.5 2 4
0 0 0.1 78 1.001 0 0 0 0 0 4 2 0 2 -20 0 0.5 2 4
0 0 0.1 96 1.147 0 0 0 0 0 4 2 0 2 -20 0 0.5 2 4
0 0 0.1 102 0.953 0 0 0 0 0 4 2 0 2 -20 0 0.5 2 4
0 0 0.1 84 1.293 0 0 0 0 -3.5 6 2 0 2 -20 0 0.5 2 4
0 0 0.1 81 0.962 0 0 0 0 0 5 0 1 2 -20 0 0.5 3 4
0 0 0.1 93 1.336 0 0 0 0 0 4 2 0 2 -20 0 0.5 2 4
0 0 0.1 99 1.2 0 0 0 0 0 4 2 0 2 -20 0 0.5 2 4
0 0 0.1 75 0.949 0 0 0 0 0 4 2 0 2 -20 0 0.5 2 4
0 0 0.1 87 1.391 0 0 0 0 0 4 2 0 2 -20 0 0.5 2 4
0 0 0.1 99 1.219 0 0 0 0 0 4 2 0 2 -20 0 0.5 2 4
0 0 0.1 93 1.201 0 0 0 0 3.5 6 2 0 2 -20 0 0.5 2 4
0 0 0.1 78 0.992 0 0 0 0 0 5 0 1 2 -20 0 0.5 3 4
0 0 0.1 90 1.007 0 0 0 0 0 4 2 0 2 -20 0 0.5 2 4
0 0 0.1 102 0.985 0 0 0 0 0 4 2 0 2 -20 0 0.5 2 4
0 0 0.1 81 0.815 0 0 0 0 0 4 2 0 2 -20 0 0.5 2 4
0 0 0.1 105 0.815 0 0 0 0 0 4 2 0 2 -20 0 0.5 2 4
0 0 0.1 96 1.287 0 0 0 0 0 4 2 0 2 -20 0 0.5 2 4
0 0 0.1 84 0.971 0 0 0 0 -3.5 6 2 0 2 -20 0 0.5 2 4
0 0 0.1 78 0.936 0 0 0 0 0 5 0 1 2 -20 0 0.5 3 4
0 0 0.1 99 1.21 0 0 0 0 0 4 2 0 2 -20 0 0.5 2 4
0 0 0.1 93 1.028 0 0 0 0 0 4 2 0 2 -20 0 0.5 2 4
0 0 0.1 84 1.333 0 0 0 0 0 4 2 0 2 -20 0 0.5 2 4
0 0 0.1 96 1.189 0 0 0 0 0 4 2 0 2 -20 0 0.5 2 4
0 0 0.1 75 1.129 0 0 0 0 0 4 2 0 2 -20 0 0.5 2 4
0 0 0.1 102 1.2 0 0 0 0 3.5 6 2 0 2 -20 0 0.5 2 4
0 0 0.1 105 1.122 0 0 0 0 0 5 0 1 2 -20 0 0.5 3 4
0 0 0.1 90 0.905 0 0 0 0 0 4 2 0 2 -20 0 0.5 2 4
0 0 0.1 81 1.053 0 0 0 0 0 4 2 0 2 -20 0 0.5 2 4
0 0 0.1 87 1.096 0 0 0 0 0 4 2 0 2 -20 0 0.5 2 4
0 0 0.1 93 0.986 0 0 0 0 0 4 2 0 2 -20 0 0.5 2 4
0 0 0.1 105 1.346 0 0 0 0 0 4 2 0 2 -20 0 0.5 2 4
0 0 0.1 81 1.318 0 0 0 0 3.5 6 2 0 2 -20 0 0.5 2 4
0 0 0.1 87 0.967 0 0 0 0 0 5 0 1 2 -20 0 0.5 3 4
0 0 0.1 84 1.293 0 0 0 0 0 4 2 0 2 -20 0 0.5 2 4
0 0 0.1 96 1.172 0 0 0 0 0 4 2 0 2 -20 0 0.5 2 4
0 0 0.1 90 1.186 0 0 0 0 0 4 2 0 2 -20 0 0.5 2 4
0 0 0.1 75 1.249 0 0 0 0 0 4 2 0 2 -20 0 0.5 2 4
0 0 0.1 102 1.17 0 0 0 0 0 4 2 0 2 -20 0 0.5 2 4
0 0 0.1 78 0.914 0 0 0 0 -3.5 6 2 0 2 -20 0 0.5 2 4
0 0 0.1 99 1.222 0 0 0 0 0 5 0 1 2 -20 0 0.5 3 4
0 0 0.1 105 1.056 0 0 0 0 0 4 2 0 2 -20 0 0.5 2 4
0 0 0.1 75 1.301 0 0 0 0 0 4 2 0 2 -20 0 0.5 2 4
0 0 0.1 93 0.994 0 0 0 0 0 4 2 0 2 -20 0 0.5 2 4
0 0 0.1 99 1.384 0 0 0 0 0 4 2 0 2 -20 0 0.5 2 4
0 0 0.1 90 1.08 0 0 0 0 0 4 2 0 2 -20 0 0.5 2 4
0 0 0.1 102 1.361 0 0 0 0 -3.5 6 2 0 2 -20 0 0.5 2 4
0 0 0.1 81 1.18 0 0 0 0 0 5 0 1 2 -20 0 0.5 3 4
0 0 0.1 96 1.027 0 0 0 0 0 4 2 0 2 -20 0 0.5 2 4
0 0 0.1 87 0.875 0 0 0 0 0 4 2 0 2 -20 0 0.5 2 4
0 0 0.1 78 1.298 0 0 0 0 0 4 2 0 2 -20 0 0.5 2 4
0 0 0.1 84 1.108 0 0 0 0 0 4 2 0 2 -20 0 0.5 2 4
0 0 0.1 90 1.08 0 0 0 0 0 4 2 0 2 -20 0 0.5 2 4
0 0 0.1 75 1.355 0 0 0 0 3.5 6 2 0 2 -20 0 0.5 2 4
0 0 0.1 78 1.054 0 0 0 0 0 5 0 1 2 -20 0 0.5 3 4
0 0 0.1 99 0.814 0 0 0 0 0 4 2 0 2 -20 0 0.5 2 4
0 0 0.1 87 1.261 0 0 0 0 0 4 2 0 2 -20 0 0.5 2 4
0 0 0.1 84 0.818 0 0 0 0 0 4 2 0 2 -20 0 0.5 2 4
0 0 0.1 81 1.309 0 0 0 0 0 4 2 0 2 -20 0 0.5 2 4
0 0 0.1 102 0.86 0 0 0 0 0 4 2 0 2 -20 0 0.5 2 4
0 0 0.1 105 1.028 0 0 0 0 -3.5 6 2 0 2 -20 0 0.5 2 4
0 0 0.1 93 1.04 0 0 0 0 0 5 0 1 2 -20 0 0.5 3 4
0 0 0.1 96 1.267 0 0 0 0 0 4 2 0 2 -20 0 0.5 2 4
0 0 0.1 87 0.816 0 0 0 0 0 4 2 0 2 -20 0 0.5 2 4
0 0 0.1 96 1.095 0 0 0 0 0 4 2 0 2 -20 0 0.5 2 4
0 0 0.1 84 1.307 0 0 0 0 0 4 2 0 2 -20 0 0.5 2 4
0 0 0.1 99 1.36 0 0 0 0 0 4 2 0 2 -20 0 0.5 2 4
0 0 0.1 90 1.32 0 0 0 0 3.5 6 2 0 2 -20 0 0.5 2 4
0 0 0.1 78 1.204 0 0 0 0 0 5 0 1 2 -20 0 0.5 3 4
0 0 0.1 105 0.92 0 0 0 0 0 4 2 0 2 -20 0 0.5 2 4
0 0 0.1 75 1.142 0 0 0 0 0 4 2 0 2 -20 0 0.5 2 4
0 0 0.1 102 0.9 0 0 0 0 0 4 2 0 2 -20 0 0.5 2 4
0 0 0.1 93 1.191 0 0 0 0 0 4 2 0 2 -20 0 0.5 2 4
0 0 0.1 81 1.006 0 0 0 0 0 4 2 0 2 -20 0 0.5 2 4
0 0 0.1 93 0.86 0 0 0 0 -3.5 6 2 0 2 -20 0 0.5 2 4
0 0 0.1 96 0.928 0 0 0 0 0 5 0 1 2 -20 0 0.5 3 4
0 0 0.1 81 1.155 0 0 0 0 0 4 2 0 2 -20 0 0.5 2 4
0 0 0.1 102 1.111 0 0 0 0 0 4 2 0 2 -20 0 0.5 2 4
0 0 0.1 78 1.259 0 0 0 0 0 4 2 0 2 -20 0 0.5 2 4
0 0 0.1 75 1.203 0 0 0 0 0 4 2 0 2 -20 0 0.5 2 4
0 0 0.1 99 1.041 0 0 0 0 0 4 2 0 2 -20 0 0.5 2 4
0 0 0.1 90 0.839 0 0 0 0 3.5 6 2 0 2 -20 0 0.5 2 4
0 0 0.1 84 1.025 0 0 0 0 0 5 0 1 2 -20 0 0.5 3 4
0 0 0.1 105 0.837 0 0 0 0 0 4 2 0 2 -20 0 0.5 2 4
0 0 0.1 87 1.303 0 0 0 0 0 4 2 0 2 -20 0 0.5 2 4
0 0 0.1 78 0.972 0 0 0 0 0 4 2 0 2 -20 0 0.5 2 4
0 0 0.1 84 1.278 0 0 0 0 0 4 2 0 2 -20 0 0.5 2 4
0 0 0.1 105 1.174 0 0 0 0 0 4 2 0 2 -20 0 0.5 2 4
0 0 0.1 102 1.19 0 0 0 0 -3.5 6 2 0 2 -20 0 0.5 2 4
0 0 0.1 90 1.115 0 0 0 0 0 5 0 1 2 -20 0 0.5 3 4
0 0 0.1 87 1.357 0 0 0 0 0 4 2 0 2 -20 0 0.5 2 4
0 0 0.1 96 1.34 0 0 0 0 0 4 2 0 2 -20 0 0.5 2 4
0 0 0.1 81 1.249 0 0 0 0 0 4 2 0 2 -20 0 0.5 2 4
0 0 0.1 75 1.134 0 0 0 0 0 4 2 0 2 -20 0 0.5 2 4
0 0 0.1 93 1.014 0 0 0 0 0 4 2 0 2 -20 0 0.5 2 4
0 0 0.1 99 0.834 0 0 0 0 3.5 6 2 0 2 -20 0 0.5 2 4
0 0 0.1 78 1.364 0 0 0 0 0 5 0 1 2 -20 0 0.5 3 4
0 0 0.1 105 1.048 0 0 0 0 0 4 2 0 2 -20 0 0.5 2 4
0 0 0.1 90 1.395 0 0 0 0 0 4 2 0 2 -20 0 0.5 2 4
0 0 0.1 81 0.805 0 0 0 0 0 4 2 0 2 -20 0 0.5 2 4
0 0 0.1 87 1.352 0 0 0 0 0 4 2 0 2 -20 0 0.5 2 4
0 0 0.1 102 0.896 0 0 0 0 0 4 2 0 2 -20 0 0.5 2 4
0 0 0.1 84 0.904 0 0 0 0 3.5 6 2 0 2 -20 0 0.5 2 4
0 0 0.1 96 0.98 0 0 0 0 0 5 0 1 2 -20 0 0.5 3 4
0 0 0.1 99 1.279 0 0 0 0 0 4 2 0 2 -20 0 0.5 2 4
0 0 0.1 75 0.927 0 0 0 0 0 4 2 0 2 -20 0 0.5 2 4
0 0 0.1 93 1.262 0 0 0 0 0 4 2 0 2 -20 0 0.5 2 4
0 0 0.1 78 1.122 0 0 0 0 0 4 2 0 2 -20 0 0.5 2 4
0 0 0.1 87 1.13 0 0 0 0 0 4 2 0 2 -20 0 0.5 2 4
0 0 0.1 96 0.963 0 0 0 0 -3.5 6 2 0 2 -20 0 0.5 2 4
0 0 0.1 90 1.365 0 0 0 0 0 5 0 1 2 -20 0 0.5 3 4
0 0 0.1 84 1.334 0 0 0 0 0 4 2 0 2 -20 0 0.5 2 4
0 0 0.1 93 1.354 0 0 0 0 0 4 2 0 2 -20 0 0.5 2 4
0 0 0.1 81 0.982 0 0 0 0 0 4 2 0 2 -20 0 0.5 2 4
0 0 0.1 102 1.016 0 0 0 0 0 4 2 0 2 -20 0 0.5 2 4
0 0 0.1 105 1.272 0 0 0 0 0 4 2 0 2 -20 0 0.5 2 4
0 0 0.1 75 0.986 0 0 0 0 -3.5 6 2 0 2 -20 0 0.5 2 4
0 0 0.1 99 1.4 0 0 0 0 0 5 0 1 2 -20 0 0.5 3 4
0 0 0.1 99 0.818 0 0 0 0 0 4 2 0 2 -20 0 0.5 2 4
0 0 0.1 96 0.984 0 0 0 0 0 4 2 0 2 -20 0 0.5 2 4
0 0 0.1 90 0.877 0 0 0 0 0 4 2 0 2 -20 0 0.5 2 4
0 0 0.1 102 1.163 0 0 0 0 0 4 2 0 2 -20 0 0.5 2 4
0 0 0.1 75 0.995 0 0 0 0 0 4 2 0 2 -20 0 0.5 2 4
0 0 0.1 105 1.366 0 0 0 0 3.5 6 2 0 2 -20 0 0.5 2 4
0 0 0.1 81 1.328 0 0 0 0 0 5 0 1 2 -20 0 0.5 3 4
0 0 0.1 84 0.989 0 0 0 0 0 4 2 0 2 -20 0 0.5 2 4
0 0 0.1 78 1.025 0 0 0 0 0 4 2 0 2 -20 0 0.5 2 4
0 0 0.1 87 1.103 0 0 0 0 0 4 2 0 2 -20 0 0.5 2 4
0 0 0.1 93 1.11 0 0 0 0 0 4 2 0 2 -20 0 0.5 2 4
0 0 0.1 105 0.921 0 0 0 0 0 4 2 0 2 -20 0 0.5 2 4
0 0 0.1 78 1.058 0 0 0 0 -3.5 6 2 0 2 -20 0 0.5 2 4
0 0 0.1 81 1.034 0 0 0 0 0 5 0 1 2 -20 0 0.5 3 4
0 0 0.1 99 1.394 0 0 0 0 0 4 2 0 2 -20 0 0.5 2 4
0 0 0.1 96 1.213 0 0 0 0 0 4 2 0 2 -20 0 0.5 2 4
0 0 0.1 90 0.927 0 0 0 0 0 4 2 0 2 -20 0 0.5 2 4
0 0 0.1 102 1.07 0 0 0 0 0 4 2 0 2 -20 0 0.5 2 4
0 0 0.1 93 1.335 0 0 0 0 0 4 2 0 2 -20 0 0.5 2 4
0 0 0.1 87 1.176 0 0 0 0 3.5 6 2 0 2 -20 0 0.5 2 4
0 0 0.1 84 1.092 0 0 0 0 0 5 0 1 2 -20 0 0.5 3 4
0 0 0.1 75 0.975 0 0 0 0 0 4 2 0 2 -20 0 0.5 2 4
0 0 0.1 84 0.953 0 0 0 0 0 4 2 0 2 -20 0 0.5 2 4
0 0 0.1 75 1.035 0 0 0 0 0 4 2 0 2 -20 0 0.5 2 4
0 0 0.1 105 1.041 0 0 0 0 0 4 2 0 2 -20 0 0.5 2 4
0 0 0.1 78 1.386 0 0 0 0 0 4 2 0 2 -20 0 0.5 2 4
0 0 0.1 81 1.397 0 0 0 0 -3.5 6 2 0 2 -20 0 0.5 2 4
0 0 0.1 102 1.046 0 0 0 0 0 5 0 1 2 -20 0 0.5 3 4
0 0 0.1 90 1.138 0 0 0 0 0 4 2 0 2 -20 0 0.5 2 4
0 0 0.1 87 0.819 0 0 0 0 0 4 2 0 2 -20 0 0.5 2 4
0 0 0.1 99 1.265 0 0 0 0 0 4 2 0 2 -20 0 0.5 2 4
0 0 0.1 96 1.391 0 0 0 0 0 4 2 0 2 -20 0 0.5 2 4
0 0 0.1 93 1.001 0 0 0 0 0 4 2 0 2 -20 0 0.5 2 4
0 0 0.1 102 1.076 0 0 0 0 3.5 6 2 0 2 -20 0 0.5 2 4
0 0 0.1 78 0.939 0 0 0 0 0 5 0 1 2 -20 0 0.5 3 4
0 0 0.1 87 1.353 0 0 0 0 0 4 2 0 2 -20 0 0.5 2 4
0 0 0.1 81 1.135 0 0 0 0 0 4 2 0 2 -20 0 0.5 2 4
0 0 0.1 84 1.168 0 0 0 0 0 4 2 0 2 -20 0 0.5 2 4
0 0 0.1 96 0.943 0 0 0 0 0 4 2 0 2 -20 0 0.5 2 4
0 0 0.1 99 1.081 0 0 0 0 0 4 2 0 2 -20 0 0.5 2 4
0 0 0.1 90 1.344 0 0 0 0 -3.5 6 2 0 2 -20 0 0.5 2 4
0 0 0.1 75 1.151 0 0 0 0 0 5 0 1 2 -20 0 0.5 3 4
0 0 0.1 105 0.835 0 0 0 0 0 4 2 0 2 -20 0 0.5 2 4
0 0 0.1 93 0.91 0 0 0 0 0 4 2 0 2 -20 0 0.5 2 4
0 0 0.1 102 1.112 0 0 0 0 0 4 2 0 2 -20 0 0.5 2 4
0 0 0.1 96 1.037 0 0 0 0 0 4 2 0 2 -20 0 0.5 2 4
0 0 0.1 90 1.094 0 0 0 0 0 4 2 0 2 -20 0 0.5 2 4
0 0 0.1 78 0.891 0 0 0 0 3.5 6 2 0 2 -20 0 0.5 2 4
0 0 0.1 84 1.353 0 0 0 0 0 5 0 1 2 -20 0 0.5 3 4
0 0 0.1 93 1.23 0 0 0 0 0 4 2 0 2 -20 0 0.5 2 4
0 0 0.1 105 1.278 0 0 0 0 0 4 2 0 2 -20 0 0.5 2 4
0 0 0.1 87 1.022 0 0 0 0 0 4 2 0 2 -20 0 0.5 2 4
0 0 0.1 75 1.144 0 0 0 0 0 4 2 0 2 -20 0 0.5 2 4
0 0 0.1 81 1.034 0 0 0 0 0 4 2 0 2 -20 0 0.5 2 4
0 0 0.1 99 1.346 0 0 0 0 3.5 6 2 0 2 -20 0 0.5 2 4
0 0 0.1 102 1.186 0 0 0 0 0 5 0 1 2 -20 0 0.5 3 4
0 0 0.1 87 1.332 0 0 0 0 0 4 2 0 2 -20 0 0.5 2 4
0 0 0.1 84 0.842 0 0 0 0 0 4 2 0 2 -20 0 0.5 2 4
0 0 0.1 96 1.286 0 0 0 0 0 4 2 0 2 -20 0 0.5 2 4
0 0 0.1 105 0.841 0 0 0 0 0 4 2 0 2 -20 0 0.5 2 4
0 0 0.1 99 1.073 0 0 0 0 0 4 2 0 2 -20 0 0.5 2 4
0 0 0.1 78 0.909 0 0 0 0 -3.5 6 2 0 2 -20 0 0.5 2 4
0 0 0.1 90 1.181 0 0 0 0 0 5 0 1 2 -20 0 0.5 3 4
0 0 0.1 75 1.258 0 0 0 0 0 4 2 0 2 -20 0 0.5 2 4
0 0 0.1 93 0.898 0 0 0 0 0 4 2 0 2 -20 0 0.5 2 4
0 0 0.1 81 0.894 0 0 0 0 0 4 2 0 2 -20 0 0.5 2 4
0 0 0.1 93 1.323 0 0 0 0 0 4 2 0 2 -20 0 0.5 2 4
0 0 0.1 102 0.932 0 0 0 0 0 4 2 0 2 -20 0 0.5 2 4
0 0 0.1 84 1.155 0 0 0 0 -3.5 6 2 0 2 -20 0 0.5 2 4
0 0 0.1 87 1.221 0 0 0 0 0 5 0 1 2 -20 0 0.5 3 4
0 0 0.1 105 1.293 0 0 0 0 0 4 2 0 2 -20 0 0.5 2 4
0 0 0.1 78 1.231 0 0 0 0 0 4 2 0 2 -20 0 0.5 2 4
0 0 0.1 81 1.05 0 0 0 0 0 4 2 0 2 -20 0 0.5 2 4
0 0 0.1 90 1.119 0 0 0 0 0 4 2 0 2 -20 0 0.5 2 4
0 0 0.1 75 0.802 0 0 0 0 0 4 2 0 2 -20 0 0.5 2 4
0 0 0.1 99 0.952 0 0 0 0 3.5 6 2 0 2 -20 0 0.5 2 4
0 0 0.1 96 0.894 0 0 0 0 0 5 0 1 2 -20 0 0.5 3 4
0 0 0.1 81 1.328 0 0 0 0 0 4 2 0 2 -20 0 0.5 2 4
0 0 0.1 102 0.923 0 0 0 0 0 4 2 0 2 -20 0 0.5 2 4
0 0 0.1 93 1.151 0 0 0 0 0 4 2 0 2 -20 0 0.5 2 4
0 0 0.1 87 1.283 0 0 0 0 0 4 2 0 2 -20 0 0.5 2 4
0 0 0.1 75 0.959 0 0 0 0 0 4 2 0 2 -20 0 0.5 2 4
0 0 0.1 99 1.044 0 0 0 0 -3.5 6 2 0 2 -20 0 0.5 2 4
0 0 0.1 96 1.029 0 0 0 0 0 5 0 1 2 -20 0 0.5 3 4
0 0 0.1 84 0.945 0 0 0 0 0 4 2 0 2 -20 0 0.5 2 4
0 0 0.1 90 1.306 0 0 0 0 0 4 2 0 2 -20 0 0.5 2 4
0 0 0.1 105 0.805 0 0 0 0 0 4 2 0 2 -20 0 0.5 2 4
0 0 0.1 78 1.086 0 0 0 0 0 4 2 0 2 -20 0 0.5 2 4
0 0 0.1 105 1.325 0 0 0 0 0 4 2 0 2 -20 0 0.5 2 4
0 0 0.1 81 1.141 0 0 0 0 3.5 6 2 0 2 -20 0 0.5 2 4
0 0 0.1 99 1.101 0 0 0 0 0 5 0 1 2 -20 0 0.5 3 4
0 0 0.1 93 1.325 0 0 0 0 0 4 2 0 2 -20 0 0.5 2 4
0 0 0.1 90 1.115 0 0 0 0 0 4 2 0 2 -20 0 0.5 2 4
0 0 0.1 87 0.856 0 0 0 0 0 4 2 0 2 -20 0 0.5 2 4
0 0 0.1 78 0.881 0 0 0 0 0 4 2 0 2 -20 0 0.5 2 4
0 0 0.1 102 0.826 0 0 0 0 0 4 2 0 2 -20 0 0.5 2 4
0 0 0.1 84 1.148 0 0 0 0 -3.5 6 2 0 2 -20 0 0.5 2 4
0 0 0.1 75 0.845 0 0 0 0 0 5 0 1 2 -20 0 0.5 3 4
0 0 0.1 96 0.866 0 0 0 0 0 4 2 0 2 -20 0 0.5 2 4
0 0 0.1 84 0.817 0 0 0 0 0 4 2 0 2 -20 0 0.5 2 4
0 0 0.1 105 1.07 0 0 0 0 0 4 2 0 2 -20 0 0.5 2 4
0 0 0.1 96 1.282 0 0 0 0 0 4 2 0 2 -20 0 0.5 2 4
0 0 0.1 99 0.857 0 0 0 0 0 4 2 0 2 -20 0 0.5 2 4
0 0 0.1 93 0.814 0 0 0 0 3.5 6 2 0 2 -20 0 0.5 2 4
0 0 0.1 87 1.32 0 0 0 0 0 5 0 1 2 -20 0 0.5 3 4
0 0 0.1 81 1.15 0 0 0 0 0 4 2 0 2 -20 0 0.5 2 4
0 0 0.1 78 0.895 0 0 0 0 0 4 2 0 2 -20 0 0.5 2 4
0 0 0.1 102 1.109 0 0 0 0 0 4 2 0 2 -20 0 0.5 2 4
0 0 0.1 75 1.366 0 0 0 0 0 4 2 0 2 -20 0 0.5 2 4
0 0 0.1 90 1.316 0 0 0 0 0 4 2 0 2 -20 0 0.5 2 4
0 0 0.1 87 1.169 0 0 0 0 -3.5 6 2 0 2 -20 0 0.5 2 4
0 0 0.1 81 1.173 0 0 0 0 0 5 0 1 2 -20 0 0.5 3 4
0 0 0.1 105 1.263 0 0 0 0 0 4 2 0 2 -20 0 0.5 2 4
0 0 0.1 96 1.136 0 0 0 0 0 4 2 0 2 -20 0 0.5 2 4
0 0 0.1 75 0.863 0 0 0 0 0 4 2 0 2 -20 0 0.5 2 4
0 0 0.1 102 0.897 0 0 0 0 0 4 2 0 2 -20 0 0.5 2 4
0 0 0.1 84 1.353 0 0 0 0 0 4 2 0 2 -20 0 0.5 2 4
0 0 0.1 99 1.316 0 0 0 0 3.5 6 2 0 2 -20 0 0.5 2 4
0 0 0.1 78 1.262 0 0 0 0 0 5 0 1 2 -20 0 0.5 3 4
0 0 0.1 93 0.813 0 0 0 0 0 4 2 0 2 -20 0 0.5 2 4
0 0 0.1 90 1.341 0 0 0 0 0 4 2 0 2 -20 0 0.5 2 4
0 0 0.1 105 1.054 0 0 0 0 0 4 2 0 2 -20 0 0.5 2 4
0 0 0.1 102 1.29 0 0 0 0 0 4 2 0 2 -20 0 0.5 2 4
0 0 0.1 99 0.9 0 0 0 0 0 4 2 0 2 -20 0 0.5 2 4
0 0 0.1 75 1.222 0 0 0 0 3.5 6 2 0 2 -20 0 0.5 2 4
0 0 0.1 96 0.888 0 0 0 0 0 5 0 1 2 -20 0 0.5 3 4
0 0 0.1 93 1.271 0 0 0 0 0 4 2 0 2 -20 0 0.5 2 4
0 0 0.1 81 0.934 0 0 0 0 0 4 2 0 2 -20 0 0.5 2 4
0 0 0.1 87 0.871 0 0 0 0 0 4 2 0 2 -20 0 0.5 2 4
0 0 0.1 90 1.371 0 0 0 0 0 4 2 0 2 -20 0 0.5 2 4
0 0 0.1 84 1.182 0 0 0 0 0 4 2 0 2 -20 0 0.5 2 4
0 0 0.1 78 1.083 0 0 0 0 -3.5 6 2 0 2 -20 0 0.5 2 4
0 0 0.1 87 0.873 0 0 0 0 0 5 0 1 2 -20 0 0.5 3 4
0 0 0.1 93 1.089 0 0 0 0 0 4 2 0 2 -20 0 0.5 2 4
0 0 0.1 84 1.021 0 0 0 0 0 4 2 0 2 -20 0 0.5 2 4
0 0 0.1 90 1.346 0 0 0 0 0 4 2 0 2 -20 0 0.5 2 4
0 0 0.1 99 0.892 0 0 0 0 0 4 2 0 2 -20 0 0.5 2 4
0 0 0.1 102 1.314 0 0 0 0 0 4 2 0 2 -20 0 0.5 2 4
0 0 0.1 81 1.345 0 0 0 0 -3.5 6 2 0 2 -20 0 0.5 2 4
0 0 0.1 78 1.34 0 0 0 0 0 5 0 1 2 -20 0 0.5 3 4
0 0 0.1 75 1.109 0 0 0 0 0 4 2 0 2 -20 0 0.5 2 4
0 0 0.1 105 1.051 0 0 0 0 0 4 2 0 2 -20 0 0.5 2 4
0 0 0.1 96 1.082 0 0 0 0 0 4 2 0 2 -20 0 0.5 2 4
0 0 0.1 90 0.919 0 0 0 0 0 4 2 0 2 -20 0 0.5 2 4
0 0 0.1 93 0.998 0 0 0 0 0 4 2 0 2 -20 0 0.5 2 4
0 0 0.1 105 1.374 0 0 0 0 3.5 6 2 0 2 -20 0 0.5 2 4
0 0 0.1 102 1.151 0 0 0 0 0 5 0 1 2 -20 0 0.5 3 4
0 0 0.1 78 1.172 0 0 0 0 0 4 2 0 2 -20 0 0.5 2 4
0 0 0.1 84 1.098 0 0 0 0 0 4 2 0 2 -20 0 0.5 2 4
0 0 0.1 96 1.111 0 0 0 0 0 4 2 0 2 -20 0 0.5 2 4
0 0 0.1 81 0.996 0 0 0 0 0 4 2 0 2 -20 0 0.5 2 4
0 0 0.1 99 1.132 0 0 0 0 0 4 2 0 2 -20 0 0.5 2 4
0 0 0.1 87 0.811 0 0 0 0 -3.5 6 2 0 2 -20 0 0.5 2 4
0 0 0.1 75 0.835 0 0 0 0 0 5 0 1 2 -20 0 0.5 3 4
0 0 0.1 105 1.034 0 0 0 0 0 4 2 0 2 -20 0 0.5 2 4
0 0 0.1 84 0.867 0 0 0 0 0 4 2 0 2 -20 0 0.5 2 4
0 0 0.1 96 0.835 0 0 0 0 0 4 2 0 2 -20 0 0.5 2 4
0 0 0.1 81 0.916 0 0 0 0 0 4 2 0 2 -20 0 0.5 2 4
0 0 0.1 75 1.17 0 0 0 0 0 4 2 0 2 -20 0 0.5 2 4
0 0 0.1 99 1.157 0 0 0 0 3.5 6 2 0 2 -20 0 0.5 2 4
0 0 0.1 78 1.159 0 0 0 0 0 5 0 1 2 -20 0 0.5 3 4
0 0 0.1 90 1.344 0 0 0 0 0 4 2 0 2 -20 0 0.5 2 4
0 0 0.1 87 1.068 0 0 0 0 0 4 2 0 2 -20 0 0.5 2 4
0 0 0.1 102 1.233 0 0 0 0 0 4 2 0 2 -20 0 0.5 2 4
0 0 0.1 93 0.943 0 0 0 0 0 4 2 0 2 -20 0 0.5 2 4
0 0 0.1 99 0.886 0 0 0 0 0 4 2 0 2 -20 0 0.5 2 4
0 0 0.1 87 1.314 0 0 0 0 -3.5 6 2 0 2 -20 0 0.5 2 4
0 0 0.1 75 0.846 0 0 0 0 0 5 0 1 2 -20 0 0.5 3 4
0 0 0.1 90 0.814 0 0 0 0 0 4 2 0 2 -20 0 0.5 2 4
0 0 0.1 102 0.874 0 0 0 0 0 4 2 0 2 -20 0 0.5 2 4
0 0 0.1 78 1.217 0 0 0 0 0 4 2 0 2 -20 0 0.5 2 4
0 0 0.1 81 1.077 0 0 0 0 0 4 2 0 2 -20 0 0.5 2 4
0 0 0.1 96 0.963 0 0 0 0 0 4 2 0 2 -20 0 0.5 2 4
0 0 0.1 105 1.074 0 0 0 0 3.5 6 2 0 2 -20 0 0.5 2 4
0 0 0.1 84 1.107 0 0 0 0 0 5 0 1 2 -20 0 0.5 3 4
0 0 0.1 93 0.932 0 0 0 0 0 4 2 0 2 -20 0 0.5 2 4
0 0 0.1 87 1.041 0 0 0 0 0 4 2 0 2 -20 0 0.5 2 4
0 0 0.1 84 1.238 0 0 0 0 0 4 2 0 2 -20 0 0.5 2 4
0 0 0.1 102 0.899 0 0 0 0 0 4 2 0 2 -20 0 0.5 2 4
0 0 0.1 78 1.379 0 0 0 0 0 4 2 0 2 -20 0 0.5 2 4
0 0 0.1 75 1.366 0 0 0 0 -3.5 6 2 0 2 -20 0 0.5 2 4
0 0 0.1 99 1.015 0 0 0 0 0 5 0 1 2 -20 0 0.5 3 4
0 0 0.1 93 1.037 0 0 0 0 0 4 2 0 2 -20 0 0.5 2 4
0 0 0.1 105 0.954 0 0 0 0 0 4 2 0 2 -20 0 0.5 2 4
0 0 0.1 96 0.984 0 0 0 0 0 4 2 0 2 -20 0 0.5 2 4
0 0 0.1 81 0.879 0 0 0 0 0 4 2 0 2 -20 0 0.5 2 4
0 0 0.1 90 1.389 0 0 0 0 0 4 2 0 2 -20 0 0.5 2 4
0 0 0.1 96 1.16 0 0 0 0 3.5 6 2 0 2 -20 0 0.5 2 4
0 0 0.1 78 1.25 0 0 0 0 0 5 0 1 2 -20 0 0.5 3 4
0 0 0.1 84 0.844 0 0 0 0 0 4 2 0 2 -20 0 0.5 2 4
0 0 0.1 87 1.149 0 0 0 0 0 4 2 0 2 -20 0 0.5 2 4
0 0 0.1 93 1.169 0 0 0 0 0 4 2 0 2 -20 0 0.5 2 4
0 0 0.1 75 1.092 0 0 0 0 0 4 2 0 2 -20 0 0.5 2 4
0 0 0.1 105 1.27 0 0 0 0 0 4 2 0 2 -20 0 0.5 2 4
0 0 0.1 102 1.128 0 0 0 0 3.5 6 2 0 2 -20 0 0.5 2 4
0 0 0.1 81 1.17 0 0 0 0 0 5 0 1 2 -20 0 0.5 3 4
0 0 0.1 99 1.04 0 0 0 0 0 4 2 0 2 -20 0 0.5 2 4
0 0 0.1 90 0.933 0 0 0 0 0 4 2 0 2 -20 0 0.5 2 4
0 0 0.1 96 0.95 0 0 0 0 0 4 2 0 2 -20 0 0.5 2 4
0 0 0.1 102 0.95 0 0 0 0 0 4 2 0 2 -20 0 0.5 2 4
0 0 0.1 99 1.297 0 0 0 0 0 4 2 0 2 -20 0 0.5 2 4
0 0 0.1 81 1.154 0 0 0 0 -3.5 6 2 0 2 -20 0 0.5 2 4
0 0 0.1 75 1.214 0 0 0 0 0 5 0 1 2 -20 0 0.5 3 4
0 0 0.1 78 1.361 0 0 0 0 0 4 2 0 2 -20 0 0.5 2 4
0 0 0.1 105 1.203 0 0 0 0 0 4 2 0 2 -20 0 0.5 2 4
0 0 0.1 87 1.305 0 0 0 0 0 4 2 0 2 -20 0 0.5 2 4
0 0 0.1 90 1.084 0 0 0 0 0 4 2 0 2 -20 0 0.5 2 4
0 0 0.1 93 1.128 0 0 0 0 0 4 2 0 2 -20 0 0.5 2 4
0 0 0.1 84 1.343 0 0 0 0 -3.5 6 2 0 2 -20 0 0.5 2 4
0 0 0.1 90 1.382 0 0 0 0 0 5 0 1 2 -20 0 0.5 3 4
0 0 0.1 99 0.853 0 0 0 0 0 4 2 0 2 -20 0 0.5 2 4
0 0 0.1 75 1.159 0 0 0 0 0 4 2 0 2 -20 0 0.5 2 4
0 0 0.1 93 1.364 0 0 0 0 0 4 2 0 2 -20 0 0.5 2 4
0 0 0.1 105 0.876 0 0 0 0 0 4 2 0 2 -20 0 0.5 2 4
0 0 0.1 96 1.356 0 0 0 0 0 4 2 0 2 -20 0 0.5 2 4
0 0 0.1 87 0.815 0 0 0 0 3.5 6 2 0 2 -20 0 0.5 2 4
0 0 0.1 102 1.295 0 0 0 0 0 5 0 1 2 -20 0 0.5 3 4
0 0 0.1 81 1.293 0 0 0 0 0 4 2 0 2 -20 0 0.5 2 4
0 0 0.1 84 0.858 0 0 0 0 0 4 2 0 2 -20 0 0.5 2 4
0 0 0.1 78 0.836 0 0 0 0 0 4 2 0 2 -20 0 0.5 2 4
0 0 0.1 75 1.166 0 0 0 0 0 4 2 0 2 -20 0 0.5 2 4
0 0 0.1 84 1.015 0 0 0 0 0 4 2 0 2 -20 0 0.5 2 4
