0 0 0.1 87 3.828 0 0 0 0 5 4 2 0 0 0 0 0.5 2 4 0
0 0 0.1 90 0.569 0 0 0 0 0 5 0 0 0 0 0 0.5 3 4 0
0 0 0.1 102 3.692 0 0 0 0 5 4 2 0 0 0 0 0.5 2 4 0
0 0 0.1 96 0.609 0 0 0 0 0 5 0 0 0 0 0 0.5 3 4 0
0 0 0.1 75 3.701 0 0 0 0 5 4 2 0 0 0 0 0.5 2 4 0
0 0 0.1 105 0.462 0 0 0 0 0 5 0 0 0 0 0 0.5 3 4 0
0 0 0.1 93 3.876 0 0 0 0 5 4 2 0 0 0 0 0.5 2 4 0
0 0 0.1 84 0.407 0 0 0 0 0 5 0 0 0 0 0 0.5 3 4 0
0 0 0.1 99 3.89 0 0 0 0 5 4 2 0 0 0 0 0.5 2 4 0
0 0 0.1 81 0.495 0 0 0 0 0 5 0 0 0 0 0 0.5 3 4 0
0 0 0.1 78 3.8 0 0 0 0 5 4 2 0 0 0 0 0.5 2 4 0
0 0 0.1 105 0.561 0 0 0 0 0 5 0 0 0 0 0 0.5 3 4 0
0 0 0.1 75 3.846 0 0 0 0 5 4 2 0 0 0 0 0.5 2 4 0
0 0 0.1 81 0.456 0 0 0 0 0 5 0 0 0 0 0 0.5 3 4 0
0 0 0.1 90 3.72 0 0 0 0 5 4 2 0 0 0 0 0.5 2 4 0
0 0 0.1 78 0.454 0 0 0 0 0 5 0 0 0 0 0 0.5 3 4 0
0 0 0.1 99 3.686 0 0 0 0 5 4 2 0 0 0 0 0.5 2 4 0
0 0 0.1 102 0.589 0 0 0 0 0 5 0 0 0 0 0 0.5 3 4 0
0 0 0.1 93 3.691 0 0 0 0 5 4 2 0 0 0 0 0.5 2 4 0
0 0 0.1 87 0.534 0 0 0 0 0 5 0 0 0 0 0 0.5 3 4 0
0 0 0.1 84 3.82 0 0 0 0 -5 4 2 0 0 0 0 0.5 2 4 0
0 0 0.1 96 0.601 0 0 0 0 0 5 0 0 0 0 0 0.5 3 4 0
0 0 0.1 105 3.694 0 0 0 0 -5 4 2 0 0 0 0 0.5 2 4 0
0 0 0.1 90 0.544 0 0 0 0 0 5 0 0 0 0 0 0.5 3 4 0
0 0 0.1 99 3.688 0 0 0 0 -5 4 2 0 0 0 0 0.5 2 4 0
0 0 0.1 102 0.455 0 0 0 0 0 5 0 0 0 0 0 0.5 3 4 0
0 0 0.1 87 3.709 0 0 0 0 -5 4 2 0 0 0 0 0.5 2 4 0
0 0 0.1 96 0.672 0 0 0 0 0 5 0 0 0 0 0 0.5 3 4 0
0 0 0.1 81 3.719 0 0 0 0 -5 4 2 0 0 0 0 0.5 2 4 0
0 0 0.1 75 0.634 0 0 0 0 0 5 0 0 0 0 0 0.5 3 4 0
0 0 0.1 93 3.686 0 0 0 0 -5 4 2 0 0 0 0 0.5 2 4 0
0 0 0.1 78 0.657 0 0 0 0 0 5 0 0 0 0 0 0.5 3 4 0
0 0 0.1 84 3.652 0 0 0 0 -5 4 2 0 0 0 0 0.5 2 4 0
0 0 0.1 90 0.424 0 0 0 0 0 5 0 0 0 0 0 0.5 3 4 0
0 0 0.1 78 3.688 0 0 0 0 -5 4 2 0 0 0 0 0.5 2 4 0
0 0 0.1 93 0.653 0 0 0 0 0 5 0 0 0 0 0 0.5 3 4 0
0 0 0.1 102 3.884 0 0 0 0 5 4 2 0 0 0 0 0.5 2 4 0
0 0 0.1 81 0.414 0 0 0 0 0 5 0 0 0 0 0 0.5 3 4 0
0 0 0.1 84 3.828 0 0 0 0 5 4 2 0 0 0 0 0.5 2 4 0
0 0 0.1 99 0.49 0 0 0 0 0 5 0 0 0 0 0 0.5 3 4 0
0 0 0.1 75 3.796 0 0 0 0 5 4 2 0 0 0 0 0.5 2 4 0
0 0 0.1 87 0.426 0 0 0 0 0 5 0 0 0 0 0 0.5 3 4 0
0 0 0.1 96 3.893 0 0 0 0 5 4 2 0 0 0 0 0.5 2 4 0
0 0 0.1 105 0.405 0 0 0 0 0 5 0 0 0 0 0 0.5 3 4 0
0 0 0.1 75 3.762 0 0 0 0 5 4 2 0 0 0 0 0.5 2 4 0
0 0 0.1 78 0.69 0 0 0 0 0 5 0 0 0 0 0 0.5 3 4 0
0 0 0.1 96 3.631 0 0 0 0 5 4 2 0 0 0 0 0.5 2 4 0
0 0 0.1 84 0.478 0 0 0 0 0 5 0 0 0 0 0 0.5 3 4 0
0 0 0.1 87 3.869 0 0 0 0 5 4 2 0 0 0 0 0.5 2 4 0
0 0 0.1 90 0.517 0 0 0 0 0 5 0 0 0 0 0 0.5 3 4 0
0 0 0.1 93 3.839 0 0 0 0 -5 4 2 0 0 0 0 0.5 2 4 0
0 0 0.1 99 0.505 0 0 0 0 0 5 0 0 0 0 0 0.5 3 4 0
0 0 0.1 102 3.642 0 0 0 0 -5 4 2 0 0 0 0 0.5 2 4 0
0 0 0.1 105 0.596 0 0 0 0 0 5 0 0 0 0 0 0.5 3 4 0
0 0 0.1 81 3.764 0 0 0 0 -5 4 2 0 0 0 0 0.5 2 4 0
0 0 0.1 93 0.684 0 0 0 0 0 5 0 0 0 0 0 0.5 3 4 0
0 0 0.1 78 3.772 0 0 0 0 -5 4 2 0 0 0 0 0.5 2 4 0
0 0 0.1 90 0.687 0 0 0 0 0 5 0 0 0 0 0 0.5 3 4 0
0 0 0.1 105 3.835 0 0 0 0 -5 4 2 0 0 0 0 0.5 2 4 0
0 0 0.1 84 0.436 0 0 0 0 0 5 0 0 0 0 0 0.5 3 4 0
0 0 0.1 96 3.852 0 0 0 0 -5 4 2 0 0 0 0 0.5 2 4 0
0 0 0.1 99 0.427 0 0 0 0 0 5 0 0 0 0 0 0.5 3 4 0
0 0 0.1 87 3.825 0 0 0 0 -5 4 2 0 0 0 0 0.5 2 4 0
0 0 0.1 75 0.42 0 0 0 0 0 5 0 0 0 0 0 0.5 3 4 0
0 0 0.1 102 3.624 0 0 0 0 5 4 2 0 0 0 0 0.5 2 4 0
0 0 0.1 81 0.432 0 0 0 0 0 5 0 0 0 0 0 0.5 3 4 0
0 0 0.1 78 3.723 0 0 0 0 5 4 2 0 0 0 0 0.5 2 4 0
0 0 0.1 90 0.693 0 0 0 0 0 5 0 0 0 0 0 0.5 3 4 0
0 0 0.1 102 3.65 0 0 0 0 5 4 2 0 0 0 0 0.5 2 4 0
0 0 0.1 96 0.551 0 0 0 0 0 5 0 0 0 0 0 0.5 3 4 0
0 0 0.1 81 3.661 0 0 0 0 5 4 2 0 0 0 0 0.5 2 4 0
0 0 0.1 87 0.46 0 0 0 0 0 5 0 0 0 0 0 0.5 3 4 0
0 0 0.1 93 3.654 0 0 0 0 5 4 2 0 0 0 0 0.5 2 4 0
0 0 0.1 84 0.483 0 0 0 0 0 5 0 0 0 0 0 0.5 3 4 0
0 0 0.1 105 3.64 0 0 0 0 5 4 2 0 0 0 0 0.5 2 4 0
0 0 0.1 75 0.658 0 0 0 0 0 5 0 0 0 0 0 0.5 3 4 0
0 0 0.1 99 3.794 0 0 0 0 5 4 2 0 0 0 0 0.5 2 4 0
0 0 0.1 75 0.581 0 0 0 0 0 5 0 0 0 0 0 0.5 3 4 0
0 0 0.1 87 3.892 0 0 0 0 5 4 2 0 0 0 0 0.5 2 4 0
0 0 0.1 90 0.513 0 0 0 0 0 5 0 0 0 0 0 0.5 3 4 0
0 0 0.1 105 3.846 0 0 0 0 -5 4 2 0 0 0 0 0.5 2 4 0
0 0 0.1 78 0.469 0 0 0 0 0 5 0 0 0 0 0 0.5 3 4 0
0 0 0.1 96 3.662 0 0 0 0 -5 4 2 0 0 0 0 0.5 2 4 0
0 0 0.1 102 0.459 0 0 0 0 0 5 0 0 0 0 0 0.5 3 4 0
0 0 0.1 84 3.673 0 0 0 0 -5 4 2 0 0 0 0 0.5 2 4 0
0 0 0.1 81 0.694 0 0 0 0 0 5 0 0 0 0 0 0.5 3 4 0
0 0 0.1 93 3.758 0 0 0 0 -5 4 2 0 0 0 0 0.5 2 4 0
0 0 0.1 99 0.648 0 0 0 0 0 5 0 0 0 0 0 0.5 3 4 0
0 0 0.1 75 3.802 0 0 0 0 -5 4 2 0 0 0 0 0.5 2 4 0
0 0 0.1 87 0.694 0 0 0 0 0 5 0 0 0 0 0 0.5 3 4 0
0 0 0.1 99 3.618 0 0 0 0 -5 4 2 0 0 0 0 0.5 2 4 0
0 0 0.1 93 0.502 0 0 0 0 0 5 0 0 0 0 0 0.5 3 4 0
0 0 0.1 78 3.604 0 0 0 0 -5 4 2 0 0 0 0 0.5 2 4 0
0 0 0.1 90 0.509 0 0 0 0 0 5 0 0 0 0 0 0.5 3 4 0
0 0 0.1 102 3.663 0 0 0 0 -5 4 2 0 0 0 0 0.5 2 4 0
0 0 0.1 81 0.446 0 0 0 0 0 5 0 0 0 0 0 0.5 3 4 0
0 0 0.1 105 3.881 0 0 0 0 -5 4 2 0 0 0 0 0.5 2 4 0
0 0 0.1 96 0.521 0 0 0 0 0 5 0 0 0 0 0 0.5 3 4 0
0 0 0.1 84 3.746 0 0 0 0 -5 4 2 0 0 0 0 0.5 2 4 0
0 0 0.1 78 0.605 0 0 0 0 0 5 0 0 0 0 0 0.5 3 4 0
