0 0 0.1 87 1.042 0 0 0 0 -3.5 4 2 0 0 0 0 0.5 2 4
0 0 0.1 90 1.144 0 0 0 0 0 5 0 0 0 0 0 0.5 3 4
0 0 0.1 102 1.011 0 0 0 0 -3.5 4 2 0 0 0 0 0.5 2 4
0 0 0.1 96 1.204 0 0 0 0 0 5 0 0 0 0 0 0.5 3 4
0 0 0.1 75 0.816 0 0 0 0 -3.5 4 2 0 0 0 0 0.5 2 4
0 0 0.1 105 1.041 0 0 0 0 0 5 0 0 0 0 0 0.5 3 4
0 0 0.1 93 0.92 0 0 0 0 -3.5 4 2 0 0 0 0 0.5 2 4
0 0 0.1 84 1.314 0 0 0 0 0 5 0 0 0 0 0 0.5 3 4
0 0 0.1 99 1.383 0 0 0 0 -3.5 4 2 0 0 0 0 0.5 2 4
0 0 0.1 81 0.995 0 0 0 0 0 5 0 0 0 0 0 0.5 3 4
0 0 0.1 78 1.24 0 0 0 0 -3.5 4 2 0 0 0 0 0.5 2 4
0 0 0.1 105 1.005 0 0 0 0 0 5 0 0 0 0 0 0.5 3 4
0 0 0.1 75 1.387 0 0 0 0 -3.5 4 2 0 0 0 0 0.5 2 4
0 0 0.1 81 1.039 0 0 0 0 0 5 0 0 0 0 0 0.5 3 4
0 0 0.1 90 1.028 0 0 0 0 -3.5 4 2 0 0 0 0 0.5 2 4
0 0 0.1 78 1.137 0 0 0 0 0 5 0 0 0 0 0 0.5 3 4
0 0 0.1 99 1.079 0 0 0 0 3.5 4 2 0 0 0 0 0.5 2 4
0 0 0.1 102 0.919 0 0 0 0 0 5 0 0 0 0 0 0.5 3 4
0 0 0.1 93 1.057 0 0 0 0 3.5 4 2 0 0 0 0 0.5 2 4
0 0 0.1 87 0.856 0 0 0 0 0 5 0 0 0 0 0 0.5 3 4
0 0 0.1 84 0.87 0 0 0 0 3.5 4 2 0 0 0 0 0.5 2 4
0 0 0.1 96 1.065 0 0 0 0 0 5 0 0 0 0 0 0.5 3 4
0 0 0.1 105 0.921 0 0 0 0 3.5 4 2 0 0 0 0 0.5 2 4
0 0 0.1 90 1.057 0 0 0 0 0 5 0 0 0 0 0 0.5 3 4
0 0 0.1 99 1.389 0 0 0 0 3.5 4 2 0 0 0 0 0.5 2 4
0 0 0.1 102 1.298 0 0 0 0 0 5 0 0 0 0 0 0.5 3 4
0 0 0.1 87 0.973 0 0 0 0 3.5 4 2 0 0 0 0 0.5 2 4
0 0 0.1 96 1.158 0 0 0 0 0 5 0 0 0 0 0 0.5 3 4
0 0 0.1 81 1.34 0 0 0 0 3.5 4 2 0 0 0 0 0.5 2 4
0 0 0.1 75 1.073 0 0 0 0 0 5 0 0 0 0 0 0.5 3 4
0 0 0.1 93 0.889 0 0 0 0 -3.5 4 2 0 0 0 0 0.5 2 4
0 0 0.1 78 0.878 0 0 0 0 0 5 0 0 0 0 0 0.5 3 4
0 0 0.1 84 0.815 0 0 0 0 -3.5 4 2 0 0 0 0 0.5 2 4
0 0 0.1 90 1.242 0 0 0 0 0 5 0 0 0 0 0 0.5 3 4
0 0 0.1 78 1.025 0 0 0 0 -3.5 4 2 0 0 0 0 0.5 2 4
0 0 0.1 93 1.145 0 0 0 0 0 5 0 0 0 0 0 0.5 3 4
0 0 0.1 102 1.296 0 0 0 0 -3.5 4 2 0 0 0 0 0.5 2 4
0 0 0.1 81 1.289 0 0 0 0 0 5 0 0 0 0 0 0.5 3 4
0 0 0.1 84 1.324 0 0 0 0 -3.5 4 2 0 0 0 0 0.5 2 4
0 0 0.1 99 0.867 0 0 0 0 0 5 0 0 0 0 0 0.5 3 4
0 0 0.1 75 1.372 0 0 0 0 -3.5 4 2 0 0 0 0 0.5 2 4
0 0 0.1 87 1.142 0 0 0 0 0 5 0 0 0 0 0 0.5 3 4
0 0 0.1 96 0.823 0 0 0 0 -3.5 4 2 0 0 0 0 0.5 2 4
0 0 0.1 105 0.948 0 0 0 0 0 5 0 0 0 0 0 0.5 3 4
0 0 0.1 75 1.388 0 0 0 0 3.5 4 2 0 0 0 0 0.5 2 4
0 0 0.1 78 1.332 0 0 0 0 0 5 0 0 0 0 0 0.5 3 4
0 0 0.1 96 0.945 0 0 0 0 3.5 4 2 0 0 0 0 0.5 2 4
0 0 0.1 84 1.255 0 0 0 0 0 5 0 0 0 0 0 0.5 3 4
0 0 0.1 87 1.138 0 0 0 0 3.5 4 2 0 0 0 0 0.5 2 4
0 0 0.1 90 0.984 0 0 0 0 0 5 0 0 0 0 0 0.5 3 4
0 0 0.1 93 1.217 0 0 0 0 3.5 4 2 0 0 0 0 0.5 2 4
0 0 0.1 99 1.002 0 0 0 0 0 5 0 0 0 0 0 0.5 3 4
0 0 0.1 102 0.924 0 0 0 0 3.5 4 2 0 0 0 0 0.5 2 4
0 0 0.1 105 1.352 0 0 0 0 0 5 0 0 0 0 0 0.5 3 4
0 0 0.1 81 0.814 0 0 0 0 3.5 4 2 0 0 0 0 0.5 2 4
0 0 0.1 93 1.379 0 0 0 0 0 5 0 0 0 0 0 0.5 3 4
0 0 0.1 78 0.99 0 0 0 0 3.5 4 2 0 0 0 0 0.5 2 4
0 0 0.1 90 1.2 0 0 0 0 0 5 0 0 0 0 0 0.5 3 4
0 0 0.1 105 1.121 0 0 0 0 3.5 4 2 0 0 0 0 0.5 2 4
0 0 0.1 84 1.291 0 0 0 0 0 5 0 0 0 0 0 0.5 3 4
