0 0 0.1 87 0.91 0 0 0 0 -3.5 4 2 0 1 -20 0 0.5 2 4
0 0 0.1 90 1.017 0 0 0 0 0 5 0 1 1 -20 0 0.5 3 4
0 0 0.1 102 1.343 0 0 0 0 -3.5 4 2 0 1 -20 0 0.5 2 4
0 0 0.1 96 1.037 0 0 0 0 0 5 0 1 1 -20 0 0.5 3 4
0 0 0.1 75 1.268 0 0 0 0 -3.5 4 2 0 1 -20 0 0.5 2 4
0 0 0.1 105 0.971 0 0 0 0 0 5 0 1 1 -20 0 0.5 3 4
0 0 0.1 93 1.313 0 0 0 0 -3.5 4 2 0 1 -20 0 0.5 2 4
0 0 0.1 84 0.904 0 0 0 0 0 5 0 1 1 -20 0 0.5 3 4
0 0 0.1 99 0.848 0 0 0 0 3.5 4 2 0 1 -20 0 0.5 2 4
0 0 0.1 81 0.976 0 0 0 0 0 5 0 1 1 -20 0 0.5 3 4
0 0 0.1 78 1.305 0 0 0 0 3.5 4 2 0 1 -20 0 0.5 2 4
0 0 0.1 105 1.368 0 0 0 0 0 5 0 1 1 -20 0 0.5 3 4
0 0 0.1 75 0.827 0 0 0 0 3.5 4 2 0 1 -20 0 0.5 2 4
0 0 0.1 81 1.256 0 0 0 0 0 5 0 1 1 -20 0 0.5 3 4
0 0 0.1 90 0.979 0 0 0 0 -3.5 4 2 0 1 -20 0 0.5 2 4
0 0 0.1 78 1.191 0 0 0 0 0 5 0 1 1 -20 0 0.5 3 4
0 0 0.1 99 0.851 0 0 0 0 -3.5 4 2 0 1 -20 0 0.5 2 4
0 0 0.1 102 1.386 0 0 0 0 0 5 0 1 1 -20 0 0.5 3 4
0 0 0.1 93 0.809 0 0 0 0 -3.5 4 2 0 1 -20 0 0.5 2 4
0 0 0.1 87 1.124 0 0 0 0 0 5 0 1 1 -20 0 0.5 3 4
0 0 0.1 84 1.38 0 0 0 0 3.5 4 2 0 1 -20 0 0.5 2 4
0 0 0.1 96 0.861 0 0 0 0 0 5 0 1 1 -20 0 0.5 3 4
0 0 0.1 105 0.955 0 0 0 0 3.5 4 2 0 1 -20 0 0.5 2 4
0 0 0.1 90 1.338 0 0 0 0 0 5 0 1 1 -20 0 0.5 3 4
0 0 0.1 99 1.033 0 0 0 0 3.5 4 2 0 1 -20 0 0.5 2 4
0 0 0.1 102 1.277 0 0 0 0 0 5 0 1 1 -20 0 0.5 3 4
0 0 0.1 87 1.01 0 0 0 0 3.5 4 2 0 1 -20 0 0.5 2 4
0 0 0.1 96 0.884 0 0 0 0 0 5 0 1 1 -20 0 0.5 3 4
0 0 0.1 81 1.191 0 0 0 0 -3.5 4 2 0 1 -20 0 0.5 2 4
0 0 0.1 75 1.127 0 0 0 0 0 5 0 1 1 -20 0 0.5 3 4
0 0 0.1 93 1.368 0 0 0 0 -3.5 4 2 0 1 -20 0 0.5 2 4
0 0 0.1 78 1.144 0 0 0 0 0 5 0 1 1 -20 0 0.5 3 4
0 0 0.1 84 1.373 0 0 0 0 -3.5 4 2 0 1 -20 0 0.5 2 4
0 0 0.1 90 1.269 0 0 0 0 0 5 0 1 1 -20 0 0.5 3 4
0 0 0.1 78 0.871 0 0 0 0 3.5 4 2 0 1 -20 0 0.5 2 4
0 0 0.1 93 1.303 0 0 0 0 0 5 0 1 1 -20 0 0.5 3 4
0 0 0.1 102 0.853 0 0 0 0 3.5 4 2 0 1 -20 0 0.5 2 4
0 0 0.1 81 1.25 0 0 0 0 0 5 0 1 1 -20 0 0.5 3 4
0 0 0.1 84 0.84 0 0 0 0 3.5 4 2 0 1 -20 0 0.5 2 4
0 0 0.1 99 0.847 0 0 0 0 0 5 0 1 1 -20 0 0.5 3 4
0 0 0.1 75 0.864 0 0 0 0 -3.5 4 2 0 1 -20 0 0.5 2 4
0 0 0.1 87 1.045 0 0 0 0 0 5 0 1 1 -20 0 0.5 3 4
0 0 0.1 96 1.385 0 0 0 0 -3.5 4 2 0 1 -20 0 0.5 2 4
0 0 0.1 105 0.899 0 0 0 0 0 5 0 1 1 -20 0 0.5 3 4
0 0 0.1 75 1.102 0 0 0 0 -3.5 4 2 0 1 -20 0 0.5 2 4
0 0 0.1 78 0.921 0 0 0 0 0 5 0 1 1 -20 0 0.5 3 4
0 0 0.1 96 0.92 0 0 0 0 -3.5 4 2 0 1 -20 0 0.5 2 4
0 0 0.1 84 0.907 0 0 0 0 0 5 0 1 1 -20 0 0.5 3 4
0 0 0.1 87 0.965 0 0 0 0 3.5 4 2 0 1 -20 0 0.5 2 4
0 0 0.1 90 0.879 0 0 0 0 0 5 0 1 1 -20 0 0.5 3 4
0 0 0.1 93 1.316 0 0 0 0 3.5 4 2 0 1 -20 0 0.5 2 4
0 0 0.1 99 1.188 0 0 0 0 0 5 0 1 1 -20 0 0.5 3 4
0 0 0.1 102 1.162 0 0 0 0 3.5 4 2 0 1 -20 0 0.5 2 4
0 0 0.1 105 1.384 0 0 0 0 0 5 0 1 1 -20 0 0.5 3 4
0 0 0.1 81 1.026 0 0 0 0 -3.5 4 2 0 1 -20 0 0.5 2 4
0 0 0.1 93 1.292 0 0 0 0 0 5 0 1 1 -20 0 0.5 3 4
0 0 0.1 78 0.937 0 0 0 0 -3.5 4 2 0 1 -20 0 0.5 2 4
0 0 0.1 90 0.924 0 0 0 0 0 5 0 1 1 -20 0 0.5 3 4
0 0 0.1 105 0.917 0 0 0 0 -3.5 4 2 0 1 -20 0 0.5 2 4
0 0 0.1 84 0.945 0 0 0 0 0 5 0 1 1 -20 0 0.5 3 4
0 0 0.1 96 1.388 0 0 0 0 3.5 4 2 0 1 -20 0 0.5 2 4
0 0 0.1 99 1.115 0 0 0 0 0 5 0 1 1 -20 0 0.5 3 4
0 0 0.1 87 1.296 0 0 0 0 3.5 4 2 0 1 -20 0 0.5 2 4
0 0 0.1 75 1.203 0 0 0 0 0 5 0 1 1 -20 0 0.5 3 4
0 0 0.1 102 1.387 0 0 0 0 3.5 4 2 0 1 -20 0 0.5 2 4
0 0 0.1 81 0.835 0 0 0 0 0 5 0 1 1 -20 0 0.5 3 4
0 0 0.1 78 1.003 0 0 0 0 3.5 4 2 0 1 -20 0 0.5 2 4
0 0 0.1 90 0.808 0 0 0 0 0 5 0 1 1 -20 0 0.5 3 4
0 0 0.1 102 1.018 0 0 0 0 -3.5 4 2 0 1 -20 0 0.5 2 4
0 0 0.1 96 0.926 0 0 0 0 0 5 0 1 1 -20 0 0.5 3 4
0 0 0.1 81 0.892 0 0 0 0 -3.5 4 2 0 1 -20 0 0.5 2 4
0 0 0.1 87 1.362 0 0 0 0 0 5 0 1 1 -20 0 0.5 3 4
0 0 0.1 93 1.041 0 0 0 0 -3.5 4 2 0 1 -20 0 0.5 2 4
0 0 0.1 84 1.092 0 0 0 0 0 5 0 1 1 -20 0 0.5 3 4
0 0 0.1 105 1.209 0 0 0 0 3.5 4 2 0 1 -20 0 0.5 2 4
0 0 0.1 75 1.313 0 0 0 0 0 5 0 1 1 -20 0 0.5 3 4
0 0 0.1 99 1.348 0 0 0 0 3.5 4 2 0 1 -20 0 0.5 2 4
0 0 0.1 75 1.086 0 0 0 0 0 5 0 1 1 -20 0 0.5 3 4
0 0 0.1 87 1.229 0 0 0 0 3.5 4 2 0 1 -20 0 0.5 2 4
0 0 0.1 90 1.298 0 0 0 0 0 5 0 1 1 -20 0 0.5 3 4
0 0 0.1 105 1.206 0 0 0 0 -3.5 4 2 0 1 -20 0 0.5 2 4
0 0 0.1 78 1.004 0 0 0 0 0 5 0 1 1 -20 0 0.5 3 4
0 0 0.1 96 1.335 0 0 0 0 -3.5 4 2 0 1 -20 0 0.5 2 4
0 0 0.1 102 1.118 0 0 0 0 0 5 0 1 1 -20 0 0.5 3 4
0 0 0.1 84 1.325 0 0 0 0 -3.5 4 2 0 1 -20 0 0.5 2 4
0 0 0.1 81 0.956 0 0 0 0 0 5 0 1 1 -20 0 0.5 3 4
0 0 0.1 93 1.126 0 0 0 0 -3.5 4 2 0 1 -20 0 0.5 2 4
0 0 0.1 99 0.93 0 0 0 0 0 5 0 1 1 -20 0 0.5 3 4
0 0 0.1 75 0.931 0 0 0 0 3.5 4 2 0 1 -20 0 0.5 2 4
0 0 0.1 87 1.085 0 0 0 0 0 5 0 1 1 -20 0 0.5 3 4
0 0 0.1 99 1.336 0 0 0 0 3.5 4 2 0 1 -20 0 0.5 2 4
0 0 0.1 93 0.982 0 0 0 0 0 5 0 1 1 -20 0 0.5 3 4
0 0 0.1 78 1.134 0 0 0 0 3.5 4 2 0 1 -20 0 0.5 2 4
0 0 0.1 90 1.254 0 0 0 0 0 5 0 1 1 -20 0 0.5 3 4
0 0 0.1 102 1.374 0 0 0 0 -3.5 4 2 0 1 -20 0 0.5 2 4
0 0 0.1 81 1.373 0 0 0 0 0 5 0 1 1 -20 0 0.5 3 4
0 0 0.1 105 1.001 0 0 0 0 -3.5 4 2 0 1 -20 0 0.5 2 4
0 0 0.1 96 1.111 0 0 0 0 0 5 0 1 1 -20 0 0.5 3 4
0 0 0.1 84 0.889 0 0 0 0 -3.5 4 2 0 1 -20 0 0.5 2 4
0 0 0.1 78 1.015 0 0 0 0 0 5 0 1 1 -20 0 0.5 3 4
0 0 0.1 99 1.223 0 0 0 0 3.5 4 2 0 1 -20 0 0.5 2 4
0 0 0.1 93 0.849 0 0 0 0 0 5 0 1 1 -20 0 0.5 3 4
0 0 0.1 84 0.951 0 0 0 0 3.5 4 2 0 1 -20 0 0.5 2 4
0 0 0.1 96 0.831 0 0 0 0 0 5 0 1 1 -20 0 0.5 3 4
0 0 0.1 75 1.244 0 0 0 0 3.5 4 2 0 1 -20 0 0.5 2 4
0 0 0.1 102 0.809 0 0 0 0 0 5 0 1 1 -20 0 0.5 3 4
0 0 0.1 105 0.826 0 0 0 0 3.5 4 2 0 1 -20 0 0.5 2 4
0 0 0.1 90 0.97 0 0 0 0 0 5 0 1 1 -20 0 0.5 3 4
0 0 0.1 81 0.825 0 0 0 0 -3.5 4 2 0 1 -20 0 0.5 2 4
0 0 0.1 87 1.18 0 0 0 0 0 5 0 1 1 -20 0 0.5 3 4
0 0 0.1 93 1.253 0 0 0 0 -3.5 4 2 0 1 -20 0 0.5 2 4
0 0 0.1 105 0.831 0 0 0 0 0 5 0 1 1 -20 0 0.5 3 4
0 0 0.1 81 1.178 0 0 0 0 -3.5 4 2 0 1 -20 0 0.5 2 4
0 0 0.1 87 1.015 0 0 0 0 0 5 0 1 1 -20 0 0.5 3 4
0 0 0.1 84 1.285 0 0 0 0 3.5 4 2 0 1 -20 0 0.5 2 4
0 0 0.1 96 1.203 0 0 0 0 0 5 0 1 1 -20 0 0.5 3 4
0 0 0.1 90 0.814 0 0 0 0 3.5 4 2 0 1 -20 0 0.5 2 4
0 0 0.1 75 1.214 0 0 0 0 0 5 0 1 1 -20 0 0.5 3 4
0 0 0.1 102 1.333 0 0 0 0 3.5 4 2 0 1 -20 0 0.5 2 4
0 0 0.1 78 1.123 0 0 0 0 0 5 0 1 1 -20 0 0.5 3 4
