0 0 0.1 105 1.118 0 0 0 0 -49 4 2 0 1 -20 0 1 2 4
0 0 0.1 96 1.161 0 0 0 0 0 5 0 1 1 -20 0 1 3 4
0 0 0.1 84 1.199 0 0 0 0 7 4 2 0 1 -20 0 1 2 4
0 0 0.1 90 1.1 0 0 0 0 0 5 0 1 1 -20 0 1 3 4
0 0 0.1 75 0.99 0 0 0 0 -35 4 2 0 1 -20 0 1 2 4
0 0 0.1 93 0.637 0 0 0 0 0 5 0 1 1 -20 0 1 3 4
0 0 0.1 99 0.632 0 0 0 0 35 4 2 0 1 -20 0 1 2 4
0 0 0.1 78 0.732 0 0 0 0 0 5 0 1 1 -20 0 1 3 4
0 0 0.1 81 0.68 0 0 0 0 21 4 2 0 1 -20 0 1 2 4
0 0 0.1 87 1.138 0 0 0 0 0 5 0 1 1 -20 0 1 3 4
0 0 0.1 102 0.789 0 0 0 0 -21 4 2 0 1 -20 0 1 2 4
0 0 0.1 90 1 0 0 0 0 0 5 0 1 1 -20 0 1 3 4
0 0 0.1 93 0.898 0 0 0 0 49 4 2 0 1 -20 0 1 2 4
0 0 0.1 78 1.081 0 0 0 0 0 5 0 1 1 -20 0 1 3 4
0 0 0.1 87 1.004 0 0 0 0 -7 4 2 0 1 -20 0 1 2 4
0 0 0.1 99 0.746 0 0 0 0 0 5 0 1 1 -20 0 1 3 4
0 0 0.1 102 0.969 0 0 0 0 49 4 2 0 1 -20 0 1 2 4
0 0 0.1 96 0.885 0 0 0 0 0 5 0 1 1 -20 0 1 3 4
0 0 0.1 105 1.153 0 0 0 0 -7 4 2 0 1 -20 0 1 2 4
0 0 0.1 75 1.009 0 0 0 0 0 5 0 1 1 -20 0 1 3 4
0 0 0.1 84 1.123 0 0 0 0 35 4 2 0 1 -20 0 1 2 4
0 0 0.1 81 0.986 0 0 0 0 0 5 0 1 1 -20 0 1 3 4
0 0 0.1 87 1.007 0 0 0 0 -21 4 2 0 1 -20 0 1 2 4
0 0 0.1 102 0.762 0 0 0 0 0 5 0 1 1 -20 0 1 3 4
0 0 0.1 90 1.089 0 0 0 0 -35 4 2 0 1 -20 0 1 2 4
0 0 0.1 99 0.955 0 0 0 0 0 5 0 1 1 -20 0 1 3 4
0 0 0.1 105 0.768 0 0 0 0 21 4 2 0 1 -20 0 1 2 4
0 0 0.1 84 0.838 0 0 0 0 0 5 0 1 1 -20 0 1 3 4
0 0 0.1 93 0.78 0 0 0 0 -7 4 2 0 1 -20 0 1 2 4
0 0 0.1 78 1.038 0 0 0 0 0 5 0 1 1 -20 0 1 3 4
0 0 0.1 96 0.754 0 0 0 0 49 4 2 0 1 -20 0 1 2 4
0 0 0.1 81 0.616 0 0 0 0 0 5 0 1 1 -20 0 1 3 4
