0 0 0.1 87 0.736 0 0 0 0 0 5 2 0 0 0 0 1 1 7
0 0 0.1 90 0.867 0 0 0 0 0 5 2 0 0 0 0 1 1 7
0 0 0.1 102 0.645 0 0 0 0 0 5 2 0 0 0 0 1 1 7
0 0 0.1 96 0.998 0 0 0 0 0 5 2 0 0 0 0 1 1 7
0 0 0.1 75 0.833 0 0 0 0 0 5 2 0 0 0 0 1 1 7
0 0 0.1 105 1.103 0 0 0 0 7 5 2 0 0 0 0 1 1 7
0 0 0.1 93 0.691 0 0 0 0 7 5 2 0 0 0 0 1 1 7
0 0 0.1 84 0.809 0 0 0 0 7 5 2 0 0 0 0 1 1 7
0 0 0.1 99 0.894 0 0 0 0 7 5 2 0 0 0 0 1 1 7
0 0 0.1 81 0.69 0 0 0 0 7 5 2 0 0 0 0 1 1 7
0 0 0.1 78 0.815 0 0 0 0 7 5 2 0 0 0 0 1 1 7
0 0 0.1 105 1.178 0 0 0 0 7 5 2 0 0 0 0 1 1 7
0 0 0.1 75 0.68 0 0 0 0 7 5 2 0 0 0 0 1 1 7
0 0 0.1 81 0.607 0 0 0 0 7 5 2 0 0 0 0 1 1 7
0 0 0.1 90 0.699 0 0 0 0 7 5 2 0 0 0 0 1 1 7
