0 0 0.1 90 0.732 0 0 0 0 0 1 2 0 0 0 0 1 2 0
0 0 0.1 105 0.64 0 0 0 0 0 0 2 0 0 0 0 1 3 0
0 0 0.1 90 0.766 0 0 0 0 0 1 2 0 0 0 0 1 2 0
0 0 0.1 75 0.787 0 0 0 0 0 0 2 0 0 0 0 1 3 0
0 0 0.1 90 0.626 0 0 0 0 0 1 2 0 0 0 0 1 2 0
0 0 0.1 81 0.711 0 0 0 0 0 0 2 0 0 0 0 1 3 0
0 0 0.1 90 0.711 0 0 0 0 0 1 2 0 0 0 0 1 2 0
0 0 0.1 90 1.054 0 0 0 0 0 0 2 0 0 0 0 1 3 0
0 0 0.1 90 0.773 0 0 0 0 0 1 2 0 0 0 0 1 2 0
0 0 0.1 78 1.121 0 0 0 0 0 0 2 0 0 0 0 1 3 0
0 0 0.1 90 0.842 0 0 0 0 0 1 2 0 0 0 0 1 2 0
0 0 0.1 99 0.944 0 0 0 0 0 0 2 0 0 0 0 1 3 0
0 0 0.1 90 0.811 0 0 0 0 0 1 2 0 0 0 0 1 2 0
0 0 0.1 102 1.004 0 0 0 0 0 0 2 0 0 0 0 1 3 0
0 0 0.1 90 0.616 0 0 0 0 0 1 2 0 0 0 0 1 2 0
0 0 0.1 93 0.841 0 0 0 0 0 0 2 0 0 0 0 1 3 0
0 0 0.1 90 0.72 0 0 0 0 0 1 2 0 0 0 0 1 2 0
0 0 0.1 87 1.114 0 0 0 0 0 0 2 0 0 0 0 1 3 0
0 0 0.1 90 1.183 0 0 0 0 0 1 2 0 0 0 0 1 2 0
0 0 0.1 84 0.795 0 0 0 0 0 0 2 0 0 0 0 1 3 0
0 0 0.1 90 1.04 0 0 0 0 0 1 2 0 0 0 0 1 2 0
0 0 0.1 96 0.805 0 0 0 0 0 0 2 0 0 0 0 1 3 0
0 0 0.1 90 1.187 0 0 0 0 0 1 2 0 0 0 0 1 2 0
0 0 0.1 105 0.839 0 0 0 0 0 0 2 0 0 0 0 1 3 0
0 0 0.1 90 0.828 0 0 0 0 0 1 2 0 0 0 0 1 2 0
0 0 0.1 90 0.937 0 0 0 0 0 0 2 0 0 0 0 1 3 0
0 0 0.1 90 0.879 0 0 0 0 0 1 2 0 0 0 0 1 2 0
0 0 0.1 99 0.719 0 0 0 0 0 0 2 0 0 0 0 1 3 0
0 0 0.1 90 0.857 0 0 0 0 0 1 2 0 0 0 0 1 2 0
0 0 0.1 102 0.656 0 0 0 0 0 0 0 0 0 0 0 1 3 0
0 0 0.1 90 0.67 0 0 0 0 0 1 2 0 0 0 0 1 2 0
0 0 0.1 87 0.865 0 0 0 0 0 0 2 0 0 0 0 1 3 0
0 0 0.1 90 0.721 0 0 0 0 0 1 2 0 0 0 0 1 2 0
0 0 0.1 96 0.857 0 0 0 0 0 0 2 0 0 0 0 1 3 0
0 0 0.1 90 1.189 0 0 0 0 0 1 2 0 0 0 0 1 2 0
0 0 0.1 81 1.098 0 0 0 0 0 0 0 0 0 0 0 1 3 0
0 0 0.1 90 0.773 0 0 0 0 0 1 2 0 0 0 0 1 2 0
0 0 0.1 75 0.958 0 0 0 0 0 0 0 0 0 0 0 1 3 0
0 0 0.1 90 1.14 0 0 0 0 0 1 2 0 0 0 0 1 2 0
0 0 0.1 93 0.873 0 0 0 0 0 0 2 0 0 0 0 1 3 0
0 0 0.1 90 0.689 0 0 0 0 0 1 2 0 0 0 0 1 2 0
0 0 0.1 78 0.678 0 0 0 0 0 0 2 0 0 0 0 1 3 0
0 0 0.1 90 0.615 0 0 0 0 0 1 2 0 0 0 0 1 2 0
0 0 0.1 84 1.042 0 0 0 0 0 0 0 0 0 0 0 1 3 0
0 0 0.1 90 0.825 0 0 0 0 0 1 2 0 0 0 0 1 2 0
0 0 0.1 90 0.945 0 0 0 0 0 0 2 0 0 0 0 1 3 0
0 0 0.1 90 1.096 0 0 0 0 0 1 2 0 0 0 0 1 2 0
0 0 0.1 78 1.089 0 0 0 0 0 0 2 0 0 0 0 1 3 0
0 0 0.1 90 1.124 0 0 0 0 0 1 2 0 0 0 0 1 2 0
0 0 0.1 93 0.667 0 0 0 0 0 0 0 0 0 0 0 1 3 0
0 0 0.1 90 1.172 0 0 0 0 0 1 2 0 0 0 0 1 2 0
0 0 0.1 102 0.942 0 0 0 0 0 0 2 0 0 0 0 1 3 0
0 0 0.1 90 0.623 0 0 0 0 0 1 2 0 0 0 0 1 2 0
0 0 0.1 81 0.748 0 0 0 0 0 0 0 0 0 0 0 1 3 0
0 0 0.1 90 1.188 0 0 0 0 0 1 2 0 0 0 0 1 2 0
0 0 0.1 84 1.132 0 0 0 0 0 0 0 0 0 0 0 1 3 0
0 0 0.1 90 0.745 0 0 0 0 0 1 2 0 0 0 0 1 2 0
0 0 0.1 99 1.055 0 0 0 0 0 0 2 0 0 0 0 1 3 0
0 0 0.1 90 0.938 0 0 0 0 0 1 2 0 0 0 0 1 2 0
0 0 0.1 75 0.784 0 0 0 0 0 0 0 0 0 0 0 1 3 0
0 0 0.1 90 1.017 0 0 0 0 0 1 2 0 0 0 0 1 2 0
0 0 0.1 87 0.802 0 0 0 0 0 0 0 0 0 0 0 1 3 0
0 0 0.1 90 0.724 0 0 0 0 0 1 2 0 0 0 0 1 2 0
0 0 0.1 96 1.152 0 0 0 0 0 0 0 0 0 0 0 1 3 0
0 0 0.1 90 0.614 0 0 0 0 0 1 2 0 0 0 0 1 2 0
0 0 0.1 105 1.179 0 0 0 0 0 0 0 0 0 0 0 1 3 0
0 0 0.1 90 0.79 0 0 0 0 0 1 2 0 0 0 0 1 2 0
0 0 0.1 75 1 0 0 0 0 0 0 0 0 0 0 0 1 3 0
0 0 0.1 90 0.921 0 0 0 0 0 1 2 0 0 0 0 1 2 0
0 0 0.1 78 1.091 0 0 0 0 0 0 0 0 0 0 0 1 3 0
0 0 0.1 90 0.712 0 0 0 0 0 1 2 0 0 0 0 1 2 0
0 0 0.1 96 0.84 0 0 0 0 0 0 0 0 0 0 0 1 3 0
0 0 0.1 90 0.708 0 0 0 0 0 1 2 0 0 0 0 1 2 0
0 0 0.1 84 0.772 0 0 0 0 0 0 0 0 0 0 0 1 3 0
0 0 0.1 90 0.978 0 0 0 0 0 1 2 0 0 0 0 1 2 0
0 0 0.1 87 0.781 0 0 0 0 0 0 0 0 0 0 0 1 3 0
0 0 0.1 90 0.867 0 0 0 0 0 1 2 0 0 0 0 1 2 0
0 0 0.1 90 1.039 0 0 0 0 0 0 0 0 0 0 0 1 3 0
0 0 0.1 90 1.001 0 0 0 0 0 1 2 0 0 0 0 1 2 0
0 0 0.1 93 0.787 0 0 0 0 0 0 0 0 0 0 0 1 3 0
