0 0 0.1 87 1.191 0 0 0 0 0 7 2 0 0 0 0 1 1 6 0
0 0 0.1 90 0.891 0 0 0 0 0 7 2 0 0 0 0 1 1 6 0
0 0 0.1 102 0.978 0 0 0 0 0 7 2 0 0 0 0 1 1 6 0
0 0 0.1 96 0.83 0 0 0 0 0 7 2 0 0 0 0 1 1 6 0
0 0 0.1 75 1.065 0 0 0 0 0 7 2 0 0 0 0 1 1 6 0
0 0 0.1 105 0.956 0 0 0 0 0 7 2 0 0 0 0 1 1 6 0
0 0 0.1 93 1.135 0 0 0 0 0 7 2 0 0 0 0 1 1 6 0
0 0 0.1 84 0.861 0 0 0 0 0 7 2 0 0 0 0 1 1 6 0
0 0 0.1 99 0.939 0 0 0 0 0 7 2 0 0 0 0 1 1 6 0
0 0 0.1 81 0.996 0 0 0 0 0 7 2 0 0 0 0 1 1 6 0
0 0 0.1 75 1.191 0 0 0 0 0 7 2 0 0 0 0 1 1 6 0
0 0 0.1 105 0.891 0 0 0 0 0 7 2 0 0 0 0 1 1 6 0
